0.701798 117 0.00726998
0.701605 117 0.0133113
0.701412 117 0.0151407
0.701218 117 0.0154521
0.701025 117 0.0160032
0.700832 117 0.0161569
0.700638 117 0.0194286
0.700445 117 0.022145
0.700251 117 0.0250058
0.700058 117 0.0277028
0.699865 117 0.036436
0.699671 117 0.0380112
0.699478 117 0.0441899
0.699478 116 0.0472399
0.699284 116 0.0538308
0.699091 116 0.0588748
0.698898 116 0.0615405
0.698704 116 0.0790469
0.698511 116 0.0853478
0.698318 116 0.0860737
0.698124 116 0.0882103
0.697931 116 0.0894126
0.697737 116 0.0933576
0.697544 116 0.0950515
0.697351 116 0.0995478
0.697157 116 0.101922
0.696964 116 0.102288
0.69677 116 0.105004
0.696577 116 0.12006
0.696384 116 0.132755
0.69619 116 0.13339
0.69619 115 0.133482
0.695997 115 0.133553
0.695997 114 0.134831
0.695804 114 0.135623
0.69561 114 0.139864
0.695417 114 0.142465
0.695223 114 0.148312
0.695223 113 0.149784
0.69503 113 0.155314
0.694837 113 0.157726
0.694837 112 0.16812
0.694643 112 0.170315
0.69445 112 0.174499
0.69445 111 0.174668
0.694256 111 0.177658
0.694256 110 0.181138
0.694063 110 0.184829
0.69387 110 0.191511
0.693676 110 0.198854
0.693483 110 0.200627
0.693289 110 0.207904
0.693289 109 0.209829
0.693096 109 0.212432
0.692903 109 0.215481
0.692709 109 0.215967
0.692516 109 0.216576
0.692323 109 0.221935
0.692129 109 0.226214
0.691936 109 0.236944
0.691742 109 0.24349
0.691549 109 0.25015
0.691356 109 0.255933
0.691162 109 0.261166
0.690969 109 0.266954
0.690775 109 0.286872
0.690582 109 0.287833
0.690389 109 0.289814
0.690195 109 0.290497
0.690195 108 0.292926
0.690002 108 0.294063
0.689809 108 0.294951
0.689615 108 0.30005
0.689422 108 0.300463
0.689228 108 0.323033
0.689035 108 0.324964
0.688842 108 0.333609
0.688648 108 0.335508
0.688455 108 0.338902
0.688261 108 0.339644
0.688068 108 0.340502
0.687875 108 0.341061
0.687875 107 0.346472
0.687681 107 0.346614
0.687488 107 0.356615
0.687295 107 0.357677
0.687101 107 0.358689
0.687101 106 0.367815
0.687101 105 0.373904
0.686908 105 0.381279
0.686714 105 0.381298
0.686521 105 0.382138
0.686328 105 0.389174
0.686134 105 0.395146
0.685941 105 0.39638
0.685747 105 0.415096
0.685554 105 0.423158
0.685361 105 0.43277
0.685167 105 0.434373
0.684974 105 0.438285
0.684781 105 0.441315
0.684587 105 0.441555
0.684394 105 0.442514
0.6842 105 0.443651
0.684007 105 0.453546
0.683814 105 0.455809
0.68362 105 0.463449
0.68362 104 0.469241
0.68362 103 0.475678
0.683427 103 0.475762
0.683233 103 0.486142
0.68304 103 0.486556
0.682847 103 0.489292
0.682653 103 0.492654
0.68246 103 0.503079
0.682266 103 0.503324
0.682073 103 0.506805
0.68188 103 0.508243
0.681686 103 0.509567
0.681493 103 0.511468
0.6813 103 0.516737
0.681106 103 0.518257
0.680913 103 0.518506
0.680913 102 0.52016
0.680719 102 0.526688
0.680526 102 0.527902
0.680333 102 0.532201
0.680139 102 0.53528
0.679946 102 0.53672
0.679752 102 0.536857
0.679559 102 0.54085
0.679366 102 0.54378
0.679172 102 0.546147
0.678979 102 0.546754
0.678786 102 0.550304
0.678592 102 0.550609
0.678399 102 0.556843
0.678205 102 0.559746
0.678012 102 0.563306
0.677819 102 0.563322
0.677625 102 0.569828
0.677432 102 0.570567
0.677238 102 0.573612
0.677045 102 0.57543
0.676852 102 0.582756
0.676658 102 0.586748
0.676465 102 0.587363
0.676272 102 0.588428
0.676078 102 0.590931
0.675885 102 0.592409
0.675885 101 0.595472
0.675691 101 0.598701
0.675498 101 0.601598
0.675305 101 0.605141
0.675111 101 0.607716
0.674918 101 0.610476
0.674724 101 0.620961
0.674531 101 0.620974
0.674338 101 0.626378
0.674144 101 0.629405
0.673951 101 0.632327
0.673757 101 0.63511
0.673564 101 0.635506
0.673371 101 0.638431
0.673177 101 0.640537
0.672984 101 0.645634
0.672791 101 0.646142
0.672597 101 0.64822
0.672404 101 0.64905
0.67221 101 0.649336
0.672017 101 0.650011
0.671824 101 0.655057
0.67163 101 0.661381
0.671437 101 0.661745
0.671243 101 0.663945
0.67105 101 0.664308
0.670857 101 0.667372
0.670663 101 0.667967
0.67047 101 0.669467
0.670277 101 0.672467
0.670083 101 0.672599
0.66989 101 0.673954
0.669696 101 0.675503
0.669503 101 0.676239
0.66931 101 0.677852
0.669116 101 0.678168
0.668923 101 0.678347
0.668729 101 0.678525
0.668536 101 0.681449
0.668343 101 0.682189
0.668149 101 0.685653
0.667956 101 0.686197
0.667763 101 0.687683
0.667569 101 0.691072
0.667376 101 0.694735
0.667182 101 0.695046
0.666989 101 0.697467
0.666796 101 0.700131
0.666602 101 0.702483
0.666409 101 0.702835
0.666215 101 0.710087
0.666022 101 0.710622
0.665829 101 0.711796
0.665635 101 0.719864
0.665442 101 0.726146
0.665249 101 0.727969
0.665055 101 0.730522
0.664862 101 0.731125
0.664668 101 0.731361
0.664475 101 0.734838
0.664282 101 0.738161
0.664088 101 0.738513
0.663895 101 0.74048
0.663701 101 0.743246
0.663508 101 0.743722
0.663315 101 0.744446
0.663121 101 0.745347
0.662928 101 0.751615
0.662734 101 0.75291
0.662541 101 0.75572
0.662348 101 0.759149
0.662154 101 0.760392
0.661961 101 0.760919
0.661768 101 0.765697
0.661574 101 0.770353
0.661381 101 0.771824
0.661187 101 0.772153
0.660994 101 0.773978
0.660801 101 0.778614
0.660607 101 0.783424
0.660414 101 0.787105
0.66022 101 0.787684
0.660027 101 0.787996
0.659834 101 0.788904
0.65964 101 0.790944
0.659447 101 0.792893
0.659254 101 0.79371
0.65906 101 0.793846
0.658867 101 0.794348
0.658673 101 0.79796
0.65848 101 0.79878
0.658287 101 0.801735
0.658093 101 0.8034
0.6579 101 0.8069
0.657706 101 0.807591
0.657513 101 0.808661
0.65732 101 0.809753
0.657126 101 0.811183
0.656933 101 0.811458
0.65674 101 0.816896
0.656546 101 0.816916
0.656353 101 0.817351
0.656159 101 0.82077
0.655966 101 0.8208
0.655773 101 0.823471
0.655579 101 0.825143
0.655386 101 0.825257
0.655192 101 0.825382
0.654999 101 0.829348
0.654806 101 0.829414
0.654612 101 0.830713
0.654612 100 0.830992
0.654419 100 0.83117
0.654225 100 0.83123
0.654032 100 0.83561
0.653839 100 0.839058
0.653645 100 0.842399
0.653452 100 0.845815
0.653259 100 0.846293
0.653065 100 0.847784
0.652872 100 0.847932
0.652678 100 0.850427
0.652485 100 0.852074
0.652292 100 0.859445
0.652098 100 0.86046
0.651905 100 0.861193
0.651711 100 0.861895
0.651518 100 0.86376
0.651325 100 0.865126
0.651131 100 0.869035
0.650938 100 0.869811
0.650745 100 0.870075
0.650551 100 0.87312
0.650358 100 0.873475
0.650164 100 0.874849
0.649971 100 0.875648
0.649778 100 0.878762
0.649584 100 0.878792
0.649391 100 0.881289
0.649197 100 0.882118
0.649004 100 0.882429
0.648811 100 0.883179
0.648617 100 0.889321
0.648424 100 0.891249
0.648231 100 0.891346
0.648037 100 0.891618
0.647844 100 0.893855
0.64765 100 0.895387
0.647457 100 0.896024
0.647264 100 0.897028
0.64707 100 0.89706
0.646877 100 0.899422
0.646683 100 0.900002
0.64649 100 0.900163
0.646297 100 0.900941
0.646103 100 0.902664
0.64591 100 0.904642
0.645716 100 0.90502
0.645523 100 0.905357
0.64533 100 0.907065
0.645136 100 0.907634
0.644943 100 0.908959
0.64475 100 0.909279
0.644556 100 0.910107
0.644363 100 0.913299
0.644169 100 0.913321
0.643976 100 0.91512
0.643783 100 0.915617
0.643589 100 0.91692
0.643396 100 0.918592
0.643202 100 0.919067
0.643009 100 0.920147
0.642816 100 0.921626
0.642622 100 0.922341
0.642429 100 0.922651
0.642042 100 0.922665
0.641849 100 0.924968
0.641655 100 0.927158
0.641462 100 0.927317
0.641269 100 0.929437
0.641075 100 0.933187
0.640882 100 0.933799
0.640688 100 0.934029
0.640495 100 0.935366
0.640302 100 0.93549
0.640108 100 0.935801
0.639915 100 0.937815
0.639722 100 0.937957
0.639528 100 0.938605
0.639335 100 0.9388
0.639335 99 0.939744
0.639141 99 0.94051
0.638948 99 0.942063
0.638755 99 0.942814
0.638561 99 0.943164
0.638368 99 0.944606
0.638174 99 0.944907
0.637981 99 0.945565
0.637788 99 0.945855
0.637594 99 0.947365
0.637401 99 0.94747
0.637208 99 0.948088
0.637014 99 0.949451
0.636821 99 0.950102
0.636627 99 0.950278
0.636434 99 0.950741
0.636241 99 0.952075
0.636047 99 0.952518
0.635854 99 0.952639
0.63566 99 0.953249
0.635467 99 0.954666
0.635274 99 0.954824
0.63508 99 0.95616
0.634887 99 0.956917
0.634693 99 0.956918
0.6345 99 0.958452
0.634307 99 0.95898
0.634113 99 0.959771
0.63392 99 0.960046
0.633727 99 0.960404
0.633533 99 0.961543
0.63334 99 0.964269
0.633146 99 0.965335
0.632953 99 0.965462
0.63276 99 0.966769
0.632566 99 0.967503
0.632373 99 0.967802
0.632179 99 0.968209
0.631986 99 0.971443
0.631793 99 0.971739
0.631599 99 0.972049
0.631406 99 0.972568
0.631213 99 0.973538
0.631019 99 0.973584
0.630826 99 0.97376
0.630632 99 0.973986
0.630439 99 0.974037
0.630246 99 0.974094
0.630052 99 0.975729
0.629859 99 0.976155
0.629665 99 0.978032
0.629472 99 0.97829
0.629279 99 0.978722
0.629085 99 0.979612
0.628892 99 0.980098
0.628699 99 0.980652
0.628505 99 0.980663
0.628312 99 0.980691
0.628118 99 0.980962
0.627925 99 0.981624
0.627732 99 0.982241
0.627538 99 0.982474
0.627345 99 0.982775
0.627151 99 0.982887
0.626958 99 0.984394
0.626765 99 0.984627
0.626571 99 0.984905
0.626378 99 0.985014
0.626184 99 0.985914
0.625991 99 0.986116
0.625798 99 0.987373
0.625604 99 0.987854
0.625411 99 0.988254
0.625218 99 0.988332
0.625024 99 0.988364
0.624831 99 0.988418
0.624637 99 0.988828
0.624444 99 0.989561
0.624251 99 0.989805
0.624057 99 0.989813
0.623864 99 0.990218
0.62367 99 0.99077
0.623477 99 0.99082
0.623284 99 0.990884
0.62309 99 0.991882
0.622897 99 0.992348
0.622704 99 0.993016
0.62251 99 0.994717
0.622317 99 0.995737
0.622123 99 0.995776
0.62193 99 0.997202
0.621737 99 0.997648
0.621543 99 0.99773
0.62135 99 0.997811
0.621156 99 0.997876
0.620963 99 0.997976
0.62077 99 0.998434
0.620576 99 0.998855
0.620383 99 0.999093
0.62019 99 0.999107
0.619996 99 0.999226
0.619803 99 1.00036
0.619609 99 1.00046
0.619416 99 1.00055
0.619223 99 1.00084
0.619029 99 1.00147
0.618836 99 1.00229
0.618642 99 1.00247
0.618449 99 1.00276
0.618256 99 1.00299
0.618062 99 1.00383
0.617869 99 1.00496
0.617675 99 1.00497
0.617482 99 1.00545
0.617289 99 1.00554
0.617095 99 1.00601
0.616709 99 1.00623
0.616515 99 1.00675
0.616322 99 1.00706
0.616128 99 1.00785
0.615935 99 1.0079
0.615742 99 1.00806
0.615548 99 1.0081
0.615355 99 1.00833
0.615161 99 1.00891
0.614968 99 1.00898
0.614775 99 1.00913
0.614581 99 1.00914
0.614388 99 1.00915
0.614195 99 1.00917
0.614001 99 1.00933
0.613808 99 1.00939
0.613614 99 1.0095
0.613421 99 1.00965
0.613228 99 1.00983
0.613034 99 1.00999
0.612841 99 1.01005
0.612647 99 1.0103
0.612454 99 1.01048
0.612261 99 1.01058
0.612067 99 1.01083
0.611874 99 1.011
0.611681 99 1.01144
0.611487 99 1.01193
0.611294 99 1.01257
0.6111 99 1.01276
0.610907 99 1.01307
0.610714 99 1.01422
0.61052 99 1.01468
0.610327 99 1.01478
0.610133 99 1.015
0.60994 99 1.01516
0.609747 99 1.01521
0.609553 99 1.01537
0.60936 99 1.01543
0.609167 99 1.01592
0.608973 99 1.01606
0.60878 99 1.01608
0.608586 99 1.01612
0.608393 99 1.01628
0.6082 99 1.01634
0.608006 99 1.01647
0.607813 99 1.0165
0.607619 99 1.01667
0.607426 99 1.01692
0.607233 99 1.017
0.607039 99 1.01712
0.606846 99 1.01715
0.606652 99 1.01763
0.606459 99 1.0177
0.606266 99 1.01806
0.606072 99 1.01824
0.605879 99 1.01834
0.605686 99 1.01854
0.605492 99 1.01886
0.605299 99 1.01899
0.605105 99 1.01917
0.604912 99 1.01923
0.604719 99 1.01926
0.604332 99 1.0193
0.604138 99 1.01967
0.603945 99 1.01985
0.603752 99 1.02014
0.603558 99 1.02025
0.603365 99 1.0214
0.603172 99 1.02145
0.602978 99 1.02147
0.602785 99 1.02183
0.602591 99 1.02193
0.602398 99 1.02196
0.602205 99 1.02197
0.602011 99 1.02198
0.601818 99 1.02217
0.601624 99 1.02235
0.601044 99 1.02245
0.600658 99 1.02258
0.600464 99 1.0227
0.600271 99 1.023
0.600077 99 1.02363
0.599884 99 1.02376
0.599691 99 1.02377
0.599497 99 1.02397
0.599304 99 1.02429
0.59911 99 1.02436
0.598917 99 1.02477
0.598724 99 1.02486
0.59853 99 1.02509
0.598337 99 1.0251
0.598143 99 1.02526
0.59795 99 1.02536
0.597757 99 1.02546
0.597563 99 1.02602
0.59737 99 1.02643
0.597177 99 1.02654
0.596983 99 1.02662
0.596983 98 1.02709
0.59679 98 1.02719
0.596596 98 1.02721
0.596403 98 1.02732
0.59621 98 1.02744
0.596016 98 1.028
0.595823 98 1.02806
0.595629 98 1.02846
0.595436 98 1.02851
0.595436 97 1.02912
0.595243 97 1.02923
0.595049 97 1.02929
0.594856 97 1.02938
0.594663 97 1.02942
0.594469 97 1.02947
0.594276 97 1.02974
0.594082 97 1.02975
0.593889 97 1.02978
0.593696 97 1.02998
0.593502 97 1.02999
0.593309 97 1.03004
0.593115 97 1.03016
0.592922 97 1.03026
0.592729 97 1.03034
0.592535 97 1.0304
0.592342 97 1.03044
0.592149 97 1.03045
0.591955 97 1.03047
0.591762 97 1.03069
0.591568 97 1.03085
0.591375 97 1.03099
0.591182 97 1.03111
0.590988 97 1.03112
0.590795 97 1.03123
0.590601 97 1.0313
0.590408 97 1.03157
0.590215 97 1.03163
0.590021 97 1.03178
0.589828 97 1.03181
0.589635 97 1.03195
0.589441 97 1.03218
0.589248 97 1.03266
0.589054 97 1.03283
0.588861 97 1.03288
0.588668 97 1.03289
0.588474 97 1.03293
0.588281 97 1.03297
0.588087 97 1.03321
0.587894 97 1.03331
0.587701 97 1.03346
0.587507 97 1.03347
0.587314 97 1.0336
0.58712 97 1.0338
0.586927 97 1.03411
0.586734 97 1.0344
0.58654 97 1.03448
0.586347 97 1.03451
0.586154 97 1.03454
0.585767 97 1.03457
0.585573 97 1.03461
0.585573 96 1.03462
0.58538 96 1.03483
0.585187 96 1.03491
0.584993 96 1.03511
0.5848 96 1.03512
0.584606 96 1.03515
0.584606 95 1.03519
0.58422 95 1.03531
0.584026 95 1.03549
0.583833 95 1.03551
0.583446 95 1.03554
0.583253 95 1.03576
0.583059 95 1.03582
0.582866 95 1.03588
0.582673 95 1.03593
0.582479 95 1.03598
0.582286 95 1.03601
0.582092 95 1.03614
0.581899 95 1.03616
0.581706 95 1.03633
0.581512 95 1.03655
0.581126 95 1.03657
0.580932 95 1.03661
0.580739 95 1.03664
0.580545 95 1.03668
0.580352 95 1.03675
0.580159 95 1.03677
0.579965 95 1.03687
0.579772 95 1.03696
0.579578 95 1.03697
0.578998 95 1.03698
0.578805 95 1.03704
0.578611 95 1.03715
0.578418 95 1.03716
0.578225 95 1.03723
0.578031 95 1.03729
0.577838 95 1.03734
0.577645 95 1.03744
0.577451 95 1.03756
0.577258 95 1.03757
0.577064 95 1.03761
0.576871 95 1.03774
0.576678 95 1.03776
0.576484 95 1.0378
0.576291 95 1.03787
0.576097 95 1.03788
0.575904 95 1.0379
0.575711 95 1.03791
0.575517 95 1.03799
0.575324 95 1.038
0.575131 95 1.03812
0.574937 95 1.03815
0.574744 95 1.0382
0.57455 95 1.03821
0.57455 94 1.03828
0.574357 94 1.03832
0.574164 94 1.03839
0.57397 94 1.03854
0.573777 94 1.03871
0.573583 94 1.03878
0.57339 94 1.0389
0.573197 94 1.03908
0.573003 94 1.03923
0.57281 94 1.03924
0.572423 94 1.03942
0.57223 94 1.03953
0.571843 94 1.03971
0.57165 94 1.03988
0.571456 94 1.03989
0.571263 94 1.03991
0.571263 93 1.03993
0.570876 93 1.04006
0.570683 93 1.0401
0.570296 93 1.04015
0.570102 93 1.04022
0.569909 93 1.04059
0.569716 93 1.0408
0.569522 93 1.0409
0.569329 93 1.04103
0.569136 93 1.04105
0.568942 93 1.04115
0.568749 93 1.04122
0.568555 93 1.0413
0.568169 93 1.04134
0.567975 93 1.04138
0.567782 93 1.04147
0.567588 93 1.0415
0.567395 93 1.04171
0.567202 93 1.04173
0.566815 93 1.04177
0.566622 93 1.04182
0.566428 93 1.04183
0.566235 93 1.04191
0.566041 93 1.04192
0.565848 93 1.042
0.565655 93 1.04215
0.565268 93 1.04233
0.565074 93 1.04255
0.564881 93 1.04262
0.564688 93 1.04271
0.564301 93 1.04275
0.564108 93 1.04276
0.563914 93 1.04284
0.563721 93 1.04285
0.563527 93 1.04293
0.563334 93 1.04296
0.562947 93 1.04301
0.562754 93 1.04319
0.56256 93 1.04321
0.562367 93 1.04327
0.562174 93 1.04329
0.56198 93 1.04337
0.561787 93 1.04344
0.561594 93 1.04345
0.5614 93 1.0435
0.561207 93 1.04352
0.561013 93 1.04361
0.56082 93 1.04367
0.56082 92 1.04374
0.560627 92 1.044
0.56024 92 1.04406
0.560046 92 1.04407
0.55966 92 1.04408
0.559466 92 1.04414
0.559273 92 1.04429
0.559079 92 1.0443
0.558886 92 1.04434
0.558693 92 1.04436
0.558499 92 1.04437
0.558306 92 1.04442
0.558113 92 1.04453
0.557919 92 1.04457
0.557726 92 1.04459
0.557532 92 1.04469
0.557339 92 1.04474
0.557146 92 1.04475
0.556952 92 1.04481
0.556759 92 1.04484
0.556565 92 1.04497
0.556372 92 1.04519
0.556179 92 1.04522
0.555985 92 1.04524
0.555985 91 1.04534
0.555792 91 1.04543
0.555599 91 1.04556
0.555405 91 1.04563
0.555212 91 1.04574
0.555018 91 1.04575
0.554825 91 1.04576
0.554825 90 1.0458
0.554632 90 1.04585
0.554438 90 1.04596
0.554245 90 1.04597
0.554051 90 1.04598
0.553858 90 1.046
0.553665 90 1.04602
0.553471 90 1.04605
0.553278 90 1.04617
0.553278 89 1.04619
0.553085 89 1.04635
0.552891 89 1.04636
0.552698 89 1.04639
0.552504 89 1.04656
0.552311 89 1.0466
0.552118 89 1.04679
0.551924 89 1.0468
0.551731 89 1.04696
0.551537 89 1.04699
0.551344 89 1.04701
0.551151 89 1.04703
0.550957 89 1.04708
0.550764 89 1.04712
0.55057 89 1.04717
0.550377 89 1.04738
0.550184 89 1.04745
0.549797 89 1.0475
0.549604 89 1.04753
0.54941 89 1.04754
0.549217 89 1.04784
0.549023 89 1.04787
0.54883 89 1.04791
0.548637 89 1.04792
0.548443 89 1.04807
0.54825 89 1.04811
0.548056 89 1.04814
0.547863 89 1.0482
0.54767 89 1.04826
0.547476 89 1.04844
0.547283 89 1.04854
0.54709 89 1.0486
0.546896 89 1.04863
0.546703 89 1.0487
0.546509 89 1.04874
0.546123 89 1.04877
0.545736 89 1.0488
0.545542 89 1.04882
0.545349 89 1.04883
0.545156 89 1.04903
0.544962 89 1.04906
0.544769 89 1.04911
0.544576 89 1.04918
0.544382 89 1.04919
0.544189 89 1.04923
0.543995 89 1.04925
0.543802 89 1.04927
0.543609 89 1.04947
0.543415 89 1.04948
0.543222 89 1.04949
0.543028 89 1.04954
0.542835 89 1.04956
0.542642 89 1.04957
0.542448 89 1.0496
0.542255 89 1.04962
0.542061 89 1.04966
0.541868 89 1.0497
0.541675 89 1.04974
0.541481 89 1.04978
0.541288 89 1.04981
0.541095 89 1.04983
0.540901 89 1.04992
0.540708 89 1.05001
0.540514 89 1.05002
0.540321 89 1.05011
0.540128 89 1.0502
0.539934 89 1.05022
0.539741 89 1.05024
0.539354 89 1.05033
0.539161 89 1.05035
0.538774 89 1.05037
0.538581 89 1.05038
0.538387 89 1.05044
0.538194 89 1.0505
0.538 89 1.05051
0.537807 89 1.05057
0.537614 89 1.05061
0.53742 89 1.05063
0.537227 89 1.05064
0.537033 89 1.05065
0.53684 89 1.05068
0.536647 89 1.05071
0.536453 89 1.05076
0.535873 89 1.05082
0.53568 89 1.05086
0.535486 89 1.05088
0.535293 89 1.05089
0.534906 89 1.0509
0.534713 89 1.05091
0.534519 89 1.05093
0.534326 89 1.05096
0.533939 89 1.05099
0.533746 89 1.05102
0.533553 89 1.05107
0.533359 89 1.05111
0.533166 89 1.05126
0.532972 89 1.05127
0.532586 89 1.05143
0.532392 89 1.0516
0.532199 89 1.05161
0.532005 89 1.05162
0.531812 89 1.05163
0.531619 89 1.05168
0.531425 89 1.05181
0.531425 88 1.05184
0.531232 88 1.05186
0.530845 88 1.05193
0.530458 88 1.052
0.530265 88 1.05203
0.529878 88 1.05206
0.529491 88 1.05209
0.529298 88 1.05214
0.529105 88 1.05216
0.528911 88 1.05217
0.528718 88 1.05221
0.528524 88 1.05222
0.528331 88 1.05224
0.528138 88 1.05233
0.527751 88 1.05239
0.527558 88 1.05244
0.527364 88 1.05245
0.527171 88 1.05252
0.526977 88 1.05254
0.526784 88 1.0526
0.526591 88 1.05269
0.526397 88 1.0527
0.526204 88 1.05272
0.52601 88 1.05273
0.525817 88 1.05276
0.525624 88 1.05278
0.52543 88 1.05283
0.525237 88 1.05285
0.525044 88 1.05291
0.52485 88 1.05294
0.524657 88 1.05299
0.524463 88 1.05305
0.52427 88 1.05309
0.524077 88 1.05316
0.523883 88 1.05319
0.52369 88 1.0532
0.523496 88 1.05321
0.523303 88 1.05322
0.52311 88 1.05324
0.522723 88 1.05338
0.522336 88 1.05339
0.522143 88 1.05343
0.521949 88 1.05348
0.521756 88 1.05352
0.521563 88 1.05359
0.521369 88 1.05361
0.521176 88 1.05365
0.520982 88 1.05369
0.520789 88 1.05371
0.520596 88 1.05377
0.520402 88 1.05381
0.520209 88 1.05389
0.520015 88 1.05391
0.519822 88 1.05405
0.519629 88 1.0541
0.519435 88 1.05415
0.519242 88 1.0542
0.518855 88 1.05429
0.518468 88 1.05434
0.518275 88 1.0544
0.518082 88 1.05443
0.517888 88 1.05445
0.517695 88 1.05447
0.517501 88 1.05448
0.517115 88 1.05452
0.516921 88 1.05453
0.516341 88 1.05458
0.515954 88 1.05459
0.515761 88 1.05464
0.515568 88 1.05465
0.515374 88 1.05468
0.515181 88 1.05469
0.514987 88 1.05472
0.514794 88 1.05474
0.514601 88 1.05477
0.514214 88 1.05478
0.51402 88 1.05482
0.513827 88 1.05483
0.513634 88 1.05485
0.51344 88 1.05486
0.513247 88 1.05494
0.513054 88 1.05497
0.51286 88 1.05507
0.512667 88 1.05511
0.512473 88 1.05512
0.51228 88 1.05513
0.512087 88 1.05515
0.511893 88 1.05519
0.5117 88 1.05523
0.511506 88 1.05531
0.511313 88 1.05534
0.51112 88 1.05537
0.510926 88 1.05538
0.510733 88 1.05541
0.51054 88 1.05544
0.51054 87 1.05548
0.510153 87 1.05549
0.509766 87 1.0555
0.509573 87 1.05554
0.509379 87 1.05562
0.509186 87 1.05564
0.508992 87 1.05565
0.508799 87 1.05574
0.508606 87 1.05586
0.508412 87 1.05594
0.508219 87 1.05595
0.508026 87 1.05607
0.507832 87 1.05609
0.507639 87 1.0561
0.507252 87 1.05612
0.507059 87 1.05616
0.506865 87 1.0562
0.506478 87 1.05622
0.506285 87 1.05623
0.506092 87 1.05632
0.505898 87 1.05638
0.505705 87 1.05642
0.505512 87 1.05643
0.505125 87 1.05645
0.504931 87 1.05657
0.504738 87 1.05663
0.504545 87 1.05665
0.504351 87 1.05669
0.504158 87 1.05671
0.503964 87 1.05675
0.503771 87 1.0568
0.503578 87 1.05681
0.503384 87 1.05683
0.503191 87 1.05686
0.502997 87 1.05687
0.502804 87 1.05691
0.502611 87 1.05693
0.502224 87 1.05694
0.502031 87 1.05696
0.501837 87 1.05705
0.501644 87 1.05706
0.501257 87 1.05707
0.501064 87 1.0572
0.50087 87 1.05723
0.500677 87 1.0573
0.500483 87 1.05737
0.50029 87 1.0574
0.500097 87 1.05742
0.49971 87 1.05743
0.499517 87 1.05747
0.499323 87 1.05752
0.498936 87 1.05755
0.498743 87 1.05756
0.498356 87 1.05757
0.498163 87 1.05758
0.497969 87 1.05761
0.497389 87 1.05765
0.497196 87 1.05766
0.497003 87 1.05768
0.496809 87 1.0577
0.496616 87 1.05775
0.496422 87 1.05776
0.496229 87 1.05778
0.496036 87 1.05787
0.495649 87 1.0579
0.495455 87 1.05791
0.495262 87 1.05792
0.495069 87 1.05794
0.494875 87 1.05796
0.494682 87 1.05798
0.494295 87 1.05803
0.494102 87 1.05809
0.493715 87 1.0581
0.493522 87 1.05812
0.493328 87 1.05813
0.493135 87 1.05814
0.492941 87 1.05815
0.492748 87 1.05817
0.492555 87 1.05821
0.492361 87 1.05827
0.492168 87 1.05828
0.491974 87 1.05829
0.491781 87 1.05835
0.491201 87 1.05837
0.491008 87 1.05838
0.490814 87 1.05839
0.490621 87 1.0584
0.490427 87 1.05846
0.490234 87 1.05847
0.490041 87 1.05848
0.489847 87 1.05849
0.48946 87 1.0585
0.489074 87 1.05853
0.489074 86 1.05854
0.488687 86 1.05856
0.488494 86 1.05858
0.4883 86 1.0586
0.488107 86 1.05866
0.487913 86 1.05867
0.48772 86 1.05871
0.487527 86 1.05873
0.487333 86 1.05878
0.48714 86 1.05886
0.486946 86 1.05896
0.486753 86 1.05897
0.48656 86 1.05901
0.486173 86 1.05904
0.485786 86 1.05906
0.485593 86 1.05918
0.485399 86 1.05919
0.485206 86 1.05922
0.485206 85 1.05926
0.484819 85 1.05934
0.484626 85 1.05935
0.484432 85 1.05936
0.484046 85 1.0594
0.483852 85 1.05943
0.483659 85 1.05945
0.483465 85 1.05946
0.483272 85 1.05947
0.483079 85 1.0595
0.482885 85 1.05952
0.482499 85 1.05953
0.482305 85 1.05958
0.482112 85 1.05965
0.481918 85 1.05968
0.481725 85 1.0597
0.481532 85 1.05975
0.481338 85 1.05979
0.481145 85 1.0598
0.480951 85 1.0599
0.480758 85 1.05995
0.480565 85 1.05996
0.480178 85 1.05998
0.479598 85 1.05999
0.479404 85 1.06003
0.479211 85 1.06013
0.479018 85 1.06021
0.478824 85 1.06023
0.478631 85 1.06026
0.478437 85 1.06033
0.478051 85 1.06039
0.477857 85 1.06042
0.477664 85 1.06045
0.477471 85 1.06048
0.477084 85 1.06054
0.47689 85 1.06056
0.476697 85 1.06069
0.476504 85 1.06074
0.47631 85 1.06075
0.476117 85 1.06077
0.475923 85 1.06081
0.47573 85 1.06083
0.475537 85 1.06087
0.475343 85 1.0609
0.474956 85 1.06091
0.47457 85 1.06094
0.47399 85 1.06095
0.473603 85 1.06104
0.473409 85 1.06105
0.473216 85 1.06108
0.473023 85 1.06111
0.472829 85 1.06112
0.472636 85 1.06113
0.472442 85 1.06116
0.472249 85 1.06118
0.472056 85 1.06123
0.471862 85 1.06126
0.471669 85 1.0613
0.471476 85 1.06134
0.471282 85 1.0614
0.471089 85 1.06142
0.470895 85 1.06156
0.470702 85 1.06157
0.470509 85 1.06159
0.470315 85 1.06162
0.470122 85 1.0618
0.469928 85 1.06181
0.469735 85 1.06183
0.469542 85 1.06184
0.469348 85 1.06185
0.469155 85 1.06187
0.468962 85 1.06202
0.468575 85 1.06204
0.468188 85 1.06207
0.467995 85 1.06211
0.467801 85 1.06212
0.467414 85 1.06213
0.467221 85 1.06214
0.467028 85 1.06218
0.466834 85 1.06219
0.466641 85 1.06227
0.466447 85 1.06229
0.466254 85 1.06232
0.465674 85 1.06233
0.465481 85 1.06234
0.465094 85 1.06235
0.4649 85 1.06237
0.464514 85 1.06239
0.46432 85 1.0624
0.464127 85 1.06247
0.463933 85 1.06248
0.463547 85 1.06254
0.463353 85 1.0626
0.46316 85 1.06265
0.462967 85 1.06267
0.462773 85 1.06268
0.46258 85 1.06272
0.462386 85 1.06273
0.462193 85 1.06274
0.462 85 1.06276
0.461806 85 1.06277
0.461613 85 1.06278
0.461419 85 1.06279
0.461226 85 1.06286
0.460839 85 1.06287
0.460646 85 1.06292
0.460453 85 1.06294
0.460066 85 1.06296
0.459872 85 1.06299
0.459679 85 1.06312
0.459486 85 1.06314
0.459292 85 1.06319
0.459099 85 1.0632
0.458905 85 1.06321
0.458712 85 1.06322
0.458519 84 1.06332
0.458325 84 1.06334
0.458132 84 1.06336
0.457939 84 1.06339
0.457745 84 1.0634
0.457552 84 1.06345
0.457358 84 1.06346
0.456972 84 1.06347
0.456778 84 1.0635
0.456585 84 1.06351
0.456391 84 1.06353
0.456198 84 1.06354
0.456005 84 1.06359
0.455811 84 1.06365
0.455618 84 1.06367
0.455424 84 1.06372
0.455231 84 1.06378
0.455038 84 1.06383
0.454844 84 1.06386
0.454651 84 1.06387
0.454264 84 1.0639
0.454071 84 1.06397
0.453877 84 1.06399
0.453684 84 1.064
0.453491 84 1.06404
0.453297 84 1.06406
0.453104 84 1.06407
0.452717 84 1.06411
0.452524 84 1.06413
0.452137 84 1.06415
0.451944 84 1.06416
0.45175 84 1.06419
0.451557 84 1.06421
0.451363 84 1.06423
0.45117 84 1.06424
0.450977 84 1.0643
0.450783 84 1.06441
0.45059 84 1.06456
0.450203 84 1.06462
0.449816 84 1.0647
0.449623 84 1.06472
0.449043 84 1.06476
0.448656 84 1.06478
0.448463 84 1.06482
0.448269 84 1.06485
0.447882 84 1.06488
0.447689 84 1.0649
0.447496 84 1.06492
0.447109 84 1.06494
0.446915 84 1.06495
0.446722 84 1.06498
0.446335 84 1.06501
0.446142 84 1.06504
0.445949 84 1.06506
0.445755 84 1.06511
0.445562 84 1.06516
0.445368 84 1.06517
0.445175 84 1.0652
0.444982 84 1.06521
0.444788 84 1.06526
0.444595 84 1.0653
0.444401 84 1.06533
0.444208 84 1.06534
0.443821 84 1.06536
0.443628 84 1.0654
0.443435 84 1.06542
0.443241 84 1.06549
0.442854 83 1.06551
0.442661 83 1.06553
0.442661 82 1.06555
0.442468 82 1.06558
0.442274 82 1.06559
0.442081 82 1.0656
0.441887 82 1.06562
0.441694 82 1.06565
0.441501 82 1.06566
0.441307 82 1.06571
0.441114 82 1.06573
0.440921 82 1.06575
0.440727 82 1.06577
0.440534 82 1.06578
0.440147 82 1.06581
0.439954 82 1.06582
0.43976 82 1.06585
0.439567 82 1.06586
0.439373 82 1.06587
0.438987 82 1.0659
0.438793 82 1.06594
0.4386 82 1.06595
0.438406 82 1.06596
0.438213 82 1.06597
0.43802 82 1.06604
0.437826 82 1.06606
0.437633 82 1.06608
0.43744 82 1.06609
0.437246 82 1.0661
0.437053 82 1.06613
0.436859 82 1.06615
0.436473 82 1.06621
0.436279 82 1.06625
0.436086 82 1.06626
0.435892 82 1.06629
0.435699 82 1.06633
0.435312 82 1.06635
0.435119 82 1.06637
0.434926 82 1.06638
0.434732 82 1.06649
0.434539 82 1.0665
0.434345 82 1.06652
0.434152 82 1.06653
0.433959 82 1.06654
0.433572 82 1.06655
0.433378 82 1.06657
0.432798 82 1.06659
0.432605 82 1.06663
0.432412 82 1.06676
0.432025 82 1.06679
0.431831 82 1.06683
0.431638 82 1.06684
0.431251 82 1.06685
0.431058 82 1.06687
0.430864 82 1.06688
0.430671 82 1.0669
0.430284 82 1.06691
0.429898 82 1.06696
0.429704 82 1.06697
0.429511 82 1.06698
0.429317 82 1.067
0.429124 82 1.06701
0.428931 82 1.06705
0.428737 82 1.06707
0.428544 82 1.06708
0.42835 82 1.06709
0.428157 82 1.06712
0.427964 82 1.06715
0.42777 82 1.06719
0.427577 82 1.06729
0.42719 82 1.06731
0.426997 82 1.06732
0.426803 82 1.06735
0.42661 82 1.06736
0.426417 82 1.06738
0.426223 82 1.06742
0.42603 82 1.06743
0.425836 82 1.06744
0.425643 82 1.06753
0.42545 82 1.06755
0.425256 82 1.06756
0.425063 82 1.06764
0.424869 82 1.06766
0.424676 82 1.06768
0.424483 82 1.06769
0.424289 82 1.0677
0.424096 82 1.06772
0.423903 82 1.06774
0.423709 82 1.06778
0.423516 82 1.06782
0.423322 82 1.06784
0.422936 82 1.06789
0.422742 82 1.06791
0.422549 82 1.06792
0.422355 82 1.06793
0.421969 82 1.06794
0.421582 82 1.06797
0.421389 82 1.068
0.421195 82 1.06804
0.421002 82 1.06805
0.420808 82 1.06811
0.420615 82 1.06813
0.420228 82 1.06815
0.420035 82 1.06818
0.419841 82 1.06821
0.419455 82 1.06822
0.418874 82 1.06823
0.418681 82 1.06824
0.418488 82 1.06827
0.418101 82 1.06831
0.418101 81 1.06833
0.417908 81 1.06834
0.417714 81 1.06839
0.417521 81 1.0684
0.417327 81 1.06844
0.416747 81 1.06848
0.416554 81 1.06849
0.415974 81 1.06852
0.41578 81 1.06853
0.415587 81 1.06854
0.415394 81 1.06855
0.4152 81 1.06859
0.415007 81 1.06861
0.41462 81 1.06862
0.414427 81 1.06863
0.414233 81 1.06864
0.41404 81 1.06873
0.413653 81 1.06877
0.41346 81 1.06878
0.413266 81 1.0688
0.413073 81 1.06883
0.41288 81 1.06891
0.412686 81 1.06898
0.412299 81 1.06904
0.411913 81 1.06906
0.411719 81 1.06907
0.411526 81 1.06908
0.411139 81 1.06912
0.410752 81 1.06914
0.410559 81 1.06915
0.410365 81 1.06916
0.410172 81 1.06922
0.409979 81 1.06924
0.409785 81 1.06931
0.409592 81 1.06932
0.409399 81 1.06936
0.409205 81 1.06939
0.409012 81 1.06941
0.408818 81 1.06945
0.408625 81 1.06946
0.408238 81 1.06947
0.407851 81 1.06949
0.407658 81 1.06953
0.407465 81 1.06955
0.407271 81 1.06956
0.407078 81 1.06958
0.406885 81 1.0696
0.406691 81 1.06962
0.406498 81 1.06963
0.406304 81 1.06968
0.406111 81 1.06971
0.405918 81 1.06972
0.405531 81 1.06973
0.405337 81 1.06975
0.405144 81 1.06979
0.404951 81 1.06983
0.404757 81 1.06986
0.404371 80 1.06987
0.404177 80 1.06988
0.403984 80 1.06989
0.40379 80 1.06991
0.403597 80 1.06992
0.40321 80 1.06993
0.403017 80 1.07
0.402823 80 1.07003
0.40263 79 1.07008
0.402437 79 1.0701
0.402243 79 1.07011
0.40205 79 1.07012
0.401857 79 1.07019
0.40147 79 1.0702
0.401083 79 1.07025
0.40089 79 1.07026
0.400696 79 1.07027
0.400309 79 1.07028
0.399923 79 1.07029
0.399729 79 1.07032
0.399536 79 1.07033
0.399342 79 1.07037
0.398956 79 1.07039
0.398762 79 1.0704
0.398569 79 1.07046
0.398182 79 1.07048
0.397989 79 1.07049
0.397602 79 1.0705
0.397409 78 1.07051
0.397215 78 1.07052
0.397022 78 1.07058
0.396635 78 1.07061
0.396442 78 1.07063
0.395862 78 1.07084
0.395475 78 1.07086
0.395281 78 1.07092
0.395088 78 1.07096
0.394895 77 1.07102
0.394314 77 1.07103
0.394121 77 1.07104
0.393928 77 1.07105
0.393734 77 1.07106
0.393541 77 1.07107
0.393348 77 1.07108
0.393154 77 1.07111
0.392767 77 1.07113
0.392574 77 1.07114
0.392381 77 1.07117
0.392187 77 1.07118
0.391994 77 1.0712
0.3918 77 1.07122
0.391607 77 1.07123
0.391414 77 1.07125
0.391027 77 1.0714
0.390833 77 1.07144
0.390447 77 1.07149
0.390253 77 1.0715
0.389673 77 1.07155
0.38948 77 1.07159
0.389286 77 1.0716
0.389093 77 1.07162
0.3889 77 1.07163
0.388706 77 1.07164
0.388319 77 1.07165
0.388126 77 1.07167
0.387933 77 1.07168
0.387739 77 1.07172
0.387353 77 1.07173
0.387159 77 1.07174
0.386966 77 1.0718
0.386772 77 1.07183
0.386579 77 1.07193
0.386386 77 1.07195
0.386192 77 1.07196
0.385999 77 1.07197
0.385805 77 1.07198
0.385805 76 1.07199
0.385612 76 1.072
0.385419 76 1.07203
0.385225 76 1.07213
0.384839 76 1.07215
0.384645 76 1.0722
0.384452 76 1.07228
0.384258 76 1.0723
0.384065 76 1.07232
0.383872 76 1.07233
0.383678 76 1.07234
0.383485 76 1.07235
0.383098 76 1.07236
0.382905 76 1.07238
0.382518 76 1.0724
0.381938 76 1.07241
0.381744 76 1.07243
0.381551 76 1.07245
0.381358 76 1.07251
0.381164 76 1.07254
0.380971 76 1.07263
0.380777 76 1.07268
0.380584 76 1.07269
0.380391 76 1.07277
0.380197 76 1.0728
0.380004 76 1.07283
0.37981 76 1.07284
0.379617 76 1.07286
0.379037 76 1.0729
0.378844 76 1.07295
0.378263 75 1.07296
0.378263 74 1.07297
0.37807 74 1.07298
0.377877 74 1.073
0.377296 74 1.07301
0.377103 74 1.07305
0.37691 74 1.07309
0.376716 74 1.07311
0.376523 74 1.07312
0.37633 74 1.07314
0.376136 74 1.07315
0.375943 74 1.07316
0.375749 74 1.07324
0.375556 74 1.07327
0.375363 74 1.0733
0.375169 74 1.07332
0.374976 74 1.07333
0.374782 74 1.0734
0.374396 73 1.07342
0.374202 73 1.07346
0.374009 73 1.07347
0.373622 73 1.07348
0.373429 73 1.07355
0.373429 72 1.07358
0.373235 72 1.07359
0.373042 72 1.07361
0.372655 72 1.07363
0.372462 72 1.07367
0.372268 72 1.07368
0.372075 72 1.07371
0.371882 72 1.07373
0.371495 72 1.07375
0.371108 72 1.07376
0.370915 72 1.07377
0.370721 72 1.07383
0.370335 72 1.07385
0.370141 72 1.07386
0.369948 72 1.07393
0.369754 72 1.07399
0.369561 72 1.07401
0.369368 72 1.07402
0.368981 72 1.07405
0.368787 72 1.07406
0.368594 72 1.07407
0.368401 72 1.07408
0.368014 72 1.0741
0.367821 72 1.07412
0.367627 72 1.07418
0.36724 72 1.0742
0.367047 72 1.07423
0.366854 72 1.07424
0.36666 72 1.07427
0.366467 72 1.07429
0.366273 72 1.0743
0.365693 72 1.07435
0.3655 72 1.07436
0.365307 72 1.07438
0.365113 72 1.07439
0.36492 72 1.07444
0.364726 72 1.07448
0.364533 72 1.07455
0.36434 72 1.0746
0.363953 72 1.07461
0.363953 71 1.07462
0.363759 71 1.07464
0.363373 71 1.07466
0.363179 71 1.07469
0.362792 71 1.0747
0.362599 71 1.07473
0.362406 71 1.07476
0.362212 71 1.0748
0.362019 71 1.07484
0.361826 71 1.07486
0.361632 71 1.07492
0.361439 71 1.07496
0.361052 71 1.07499
0.360859 71 1.07501
0.360665 71 1.07502
0.360472 71 1.07503
0.360085 71 1.07505
0.359892 71 1.07506
0.359698 71 1.07509
0.359505 71 1.07511
0.359312 71 1.07512
0.359118 71 1.07517
0.358925 71 1.07519
0.358538 71 1.07522
0.358345 71 1.07523
0.358151 71 1.07527
0.357764 71 1.07529
0.357184 71 1.07531
0.356991 71 1.07532
0.356604 71 1.07533
0.356411 71 1.07534
0.356217 71 1.0754
0.356024 71 1.07541
0.355831 71 1.07542
0.355637 71 1.07545
0.355444 71 1.07546
0.35525 71 1.07548
0.355057 71 1.0755
0.354864 71 1.07551
0.354477 71 1.07554
0.354284 71 1.07559
0.35409 71 1.07561
0.353897 71 1.07566
0.353703 71 1.07568
0.35351 71 1.0757
0.353317 71 1.07572
0.353123 71 1.07573
0.352736 71 1.07574
0.35235 71 1.07577
0.351769 71 1.07579
0.351576 71 1.07584
0.351383 71 1.07589
0.351189 71 1.07591
0.350803 71 1.07592
0.350416 71 1.07593
0.350029 71 1.07594
0.349642 71 1.07599
0.349449 71 1.076
0.349255 71 1.07601
0.349062 71 1.07603
0.348869 71 1.07608
0.348675 71 1.07611
0.348482 71 1.07619
0.348289 71 1.0762
0.348095 71 1.07624
0.347902 71 1.07625
0.347322 71 1.07626
0.347128 71 1.07627
0.346741 71 1.07629
0.346548 71 1.07633
0.346355 71 1.07634
0.346161 71 1.07637
0.345968 71 1.07638
0.345775 71 1.07644
0.345581 71 1.07645
0.345194 71 1.07648
0.345001 71 1.07649
0.344808 71 1.07651
0.344614 71 1.07654
0.344421 71 1.07655
0.344034 71 1.07656
0.343841 71 1.07664
0.34326 71 1.07668
0.343067 71 1.07673
0.342874 71 1.07676
0.34268 71 1.07678
0.342294 71 1.07681
0.3421 71 1.07687
0.341907 71 1.07688
0.341713 71 1.07689
0.34152 71 1.07691
0.341327 71 1.07692
0.341133 71 1.07696
0.341133 70 1.07697
0.34094 70 1.077
0.340746 70 1.07701
0.340553 70 1.07702
0.34036 70 1.07703
0.340166 70 1.07707
0.339973 70 1.0771
0.33978 70 1.07711
0.339586 70 1.07715
0.339393 70 1.07717
0.339199 70 1.07718
0.339006 70 1.07719
0.339006 69 1.07723
0.338813 69 1.07724
0.338619 69 1.07727
0.338426 69 1.07734
0.338232 69 1.07737
0.337846 69 1.07738
0.337652 69 1.07743
0.337459 69 1.07746
0.337266 69 1.07753
0.337072 69 1.07754
0.336879 69 1.07755
0.336492 69 1.07758
0.336299 69 1.07759
0.335718 69 1.0776
0.335525 69 1.07762
0.335332 69 1.07765
0.335138 69 1.07766
0.334558 69 1.07769
0.334365 69 1.07772
0.334171 69 1.07775
0.333978 69 1.07776
0.333591 69 1.07781
0.333398 69 1.07789
0.333204 69 1.0779
0.333011 69 1.07791
0.332818 69 1.07793
0.332624 69 1.07794
0.332431 69 1.07795
0.332237 69 1.07797
0.332237 68 1.07798
0.332044 68 1.07799
0.331851 68 1.07801
0.331657 68 1.07804
0.331271 68 1.07805
0.330884 68 1.07806
0.33069 68 1.07808
0.330497 68 1.07809
0.330304 68 1.0781
0.329917 68 1.07811
0.329723 68 1.07813
0.32953 68 1.07814
0.329337 68 1.07818
0.329143 68 1.07821
0.32895 68 1.07828
0.328563 68 1.07829
0.32779 68 1.07831
0.327596 68 1.07832
0.327403 68 1.07833
0.327209 68 1.07834
0.326823 68 1.07835
0.326436 68 1.07836
0.326243 68 1.07838
0.326049 68 1.07839
0.325856 68 1.0784
0.325469 68 1.07842
0.325276 68 1.07843
0.325082 68 1.07844
0.324889 68 1.07845
0.324695 68 1.07846
0.324502 68 1.07849
0.324115 68 1.07851
0.323922 68 1.07853
0.323342 68 1.07855
0.322762 68 1.07858
0.322568 68 1.07859
0.322375 68 1.0786
0.322181 68 1.07862
0.321988 68 1.07867
0.321795 68 1.07868
0.321601 68 1.0787
0.321408 68 1.07871
0.321214 68 1.07872
0.321021 68 1.07873
0.320828 68 1.07879
0.320441 68 1.07881
0.320248 68 1.07885
0.319861 68 1.07887
0.319667 68 1.07893
0.319474 68 1.07895
0.319281 68 1.07897
0.319087 68 1.079
0.318894 68 1.07902
0.318894 67 1.07905
0.3187 67 1.07907
0.31812 67 1.07913
0.317927 67 1.07918
0.317734 67 1.07919
0.31754 67 1.0792
0.317347 66 1.07921
0.317153 66 1.07926
0.31696 66 1.07929
0.316767 66 1.07933
0.316573 66 1.07935
0.316186 66 1.07939
0.315993 66 1.07945
0.3158 66 1.07947
0.315413 66 1.07948
0.315219 66 1.0795
0.315026 66 1.07951
0.314833 66 1.07957
0.314639 66 1.07958
0.314446 65 1.07959
0.314253 65 1.07961
0.314059 64 1.07964
0.313866 64 1.07966
0.313672 64 1.07968
0.313479 64 1.07973
0.313286 64 1.07974
0.313092 64 1.07981
0.312899 64 1.07983
0.312705 64 1.07984
0.312512 64 1.07992
0.312319 64 1.07994
0.312125 64 1.07997
0.311739 64 1.08001
0.311545 64 1.08002
0.311352 64 1.08006
0.311158 64 1.08007
0.310965 64 1.08008
0.310772 64 1.08014
0.310578 64 1.08015
0.310385 64 1.08016
0.310191 64 1.08021
0.309998 64 1.08022
0.309805 64 1.08023
0.309805 63 1.08028
0.309611 63 1.08031
0.309418 63 1.08032
0.309031 63 1.08033
0.309031 61 1.08035
0.308838 61 1.08039
0.308644 61 1.0804
0.308451 61 1.08053
0.308258 61 1.08055
0.308064 61 1.08056
0.307677 61 1.08057
0.307291 61 1.08063
0.307097 61 1.08067
0.306904 61 1.08068
0.306904 60 1.08069
0.306517 60 1.0807
0.306324 60 1.08071
0.30613 60 1.08075
0.30613 59 1.08076
0.305937 59 1.08077
0.30555 59 1.0808
0.305357 59 1.08084
0.305163 59 1.08085
0.30497 59 1.08094
0.304777 59 1.08096
0.304583 59 1.08097
0.30439 59 1.08099
0.304196 59 1.08104
0.304003 59 1.08106
0.303616 59 1.08108
0.303423 59 1.0811
0.30323 59 1.08119
0.303036 59 1.0812
0.302456 59 1.08121
0.302069 59 1.08126
0.301876 59 1.08127
0.301682 59 1.08129
0.301489 59 1.0813
0.300909 59 1.08133
0.300909 58 1.08135
0.300716 58 1.08141
0.300522 58 1.08142
0.300329 58 1.08146
0.299942 58 1.08147
0.299749 58 1.08148
0.299555 58 1.08152
0.299362 58 1.08153
0.299168 58 1.08156
0.298975 58 1.08158
0.298782 58 1.08159
0.298782 57 1.0816
0.298395 57 1.08161
0.298202 57 1.08168
0.298008 57 1.0817
0.297815 57 1.08171
0.297428 57 1.08173
0.297235 57 1.08175
0.297041 57 1.08178
0.296461 57 1.08179
0.296268 57 1.08181
0.296074 57 1.08185
0.295881 57 1.08187
0.295687 57 1.08189
0.295301 57 1.08197
0.295107 57 1.08198
0.294914 57 1.08211
0.294527 57 1.08213
0.294334 57 1.08215
0.293947 57 1.08217
0.293367 57 1.08221
0.293173 57 1.08223
0.29298 57 1.08225
0.292787 57 1.08227
0.292593 57 1.08229
0.2924 57 1.08233
0.292207 57 1.08236
0.29182 57 1.08239
0.291626 57 1.08242
0.29124 57 1.08244
0.291046 57 1.08247
0.290853 57 1.08248
0.290466 57 1.08249
0.290273 57 1.08251
0.290079 57 1.08256
0.289886 57 1.08257
0.289499 57 1.08258
0.288919 57 1.08259
0.288726 57 1.0826
0.288532 57 1.08262
0.288145 57 1.08263
0.287952 57 1.08264
0.287759 57 1.08265
0.287372 57 1.08266
0.287178 57 1.08267
0.286985 57 1.08268
0.286792 57 1.08269
0.286598 57 1.08274
0.286598 56 1.08276
0.286018 56 1.08281
0.285825 56 1.08283
0.285631 56 1.08284
0.285438 56 1.08287
0.285245 56 1.08291
0.285245 55 1.08292
0.285051 55 1.08299
0.284858 55 1.08302
0.284664 55 1.08304
0.284471 55 1.08305
0.284278 55 1.08307
0.284084 55 1.08308
0.283891 55 1.08312
0.283698 55 1.08313
0.283504 55 1.08314
0.283117 55 1.08317
0.282924 55 1.08318
0.282731 55 1.08322
0.282537 55 1.08324
0.282344 55 1.08329
0.281764 55 1.08332
0.28157 55 1.08336
0.281377 55 1.08337
0.281184 55 1.08338
0.280603 55 1.08342
0.28041 55 1.08343
0.280217 55 1.08344
0.280023 55 1.08345
0.27983 55 1.08347
0.279443 55 1.08348
0.27925 55 1.0835
0.279056 55 1.08351
0.278863 55 1.08352
0.27867 55 1.08357
0.278476 55 1.08358
0.278283 55 1.08364
0.278089 55 1.08371
0.277896 55 1.08375
0.277509 55 1.08382
0.277316 55 1.08385
0.277122 55 1.08388
0.276929 55 1.08389
0.276542 55 1.08392
0.276349 55 1.08394
0.275962 55 1.08399
0.275769 55 1.08401
0.275382 55 1.08405
0.275189 55 1.08406
0.274995 55 1.08407
0.274802 55 1.08408
0.274415 55 1.08416
0.274028 55 1.08423
0.273835 55 1.08426
0.273641 55 1.0843
0.273448 55 1.08434
0.273255 55 1.0844
0.273061 55 1.08441
0.272868 55 1.08446
0.272288 55 1.08447
0.272094 55 1.08448
0.271708 55 1.08452
0.271514 55 1.08454
0.271321 55 1.08455
0.271127 55 1.08456
0.270934 55 1.08457
0.270934 54 1.0846
0.270741 53 1.08468
0.270547 53 1.08472
0.270354 53 1.08473
0.270161 53 1.08477
0.269967 53 1.08478
0.26958 53 1.08479
0.269387 53 1.0848
0.269194 53 1.08481
0.269 53 1.08482
0.268807 53 1.08483
0.268227 53 1.08487
0.268227 52 1.08488
0.268033 52 1.0849
0.267646 52 1.08501
0.267453 52 1.08506
0.26726 52 1.08511
0.267066 52 1.08513
0.266873 52 1.08515
0.26668 52 1.08516
0.266486 52 1.08519
0.266293 52 1.0853
0.265906 52 1.08531
0.265519 52 1.08532
0.265326 52 1.08538
0.265132 52 1.08539
0.264939 52 1.0854
0.264746 52 1.08546
0.264552 52 1.08548
0.264359 52 1.08549
0.264166 52 1.08553
0.263972 52 1.08554
0.263779 52 1.08555
0.263392 52 1.08557
0.263199 52 1.08561
0.262812 52 1.08562
0.262618 52 1.08576
0.262425 52 1.08578
0.262232 52 1.08581
0.262038 52 1.08585
0.261845 52 1.08591
0.261652 52 1.08592
0.261265 52 1.08594
0.261071 52 1.08596
0.260878 52 1.08601
0.260685 52 1.08605
0.260491 52 1.08608
0.260298 52 1.08609
0.260104 52 1.08611
0.259911 52 1.08612
0.259718 52 1.08615
0.259524 52 1.08618
0.259331 52 1.0862
0.258944 52 1.08623
0.258751 52 1.08626
0.258171 52 1.08627
0.257784 52 1.08637
0.257397 51 1.0864
0.257204 51 1.08642
0.25701 51 1.08646
0.256623 51 1.08649
0.256623 50 1.0865
0.256237 50 1.0866
0.256043 50 1.08662
0.25585 50 1.08664
0.255657 50 1.08665
0.255463 50 1.08666
0.25527 50 1.08669
0.255076 50 1.08673
0.254496 50 1.08674
0.254303 50 1.08675
0.254109 50 1.08684
0.253723 50 1.08685
0.253529 50 1.08686
0.253336 50 1.08687
0.252949 50 1.08692
0.252562 50 1.08697
0.252369 50 1.08698
0.251982 50 1.08702
0.251789 50 1.08704
0.251595 50 1.08705
0.251402 50 1.08706
0.251209 50 1.0871
0.251015 50 1.08713
0.250629 50 1.08715
0.250435 50 1.08717
0.250048 50 1.08719
0.249662 50 1.08724
0.249468 50 1.08728
0.249275 50 1.08729
0.249081 50 1.08733
0.248888 50 1.08737
0.248695 50 1.08744
0.248501 50 1.08747
0.248308 50 1.08749
0.248114 50 1.08752
0.247921 50 1.08753
0.247728 50 1.08755
0.247341 50 1.08757
0.247148 50 1.08758
0.247148 49 1.08772
0.246954 49 1.08775
0.246567 49 1.08778
0.246374 49 1.08779
0.246181 49 1.08781
0.245987 49 1.08782
0.245794 49 1.08784
0.2456 49 1.08785
0.245407 49 1.08786
0.245214 49 1.0879
0.24502 49 1.08793
0.244634 49 1.08796
0.24444 49 1.08797
0.244247 49 1.08805
0.24386 49 1.08806
0.243473 49 1.08808
0.243086 48 1.08812
0.242893 48 1.08813
0.2427 48 1.08815
0.242506 48 1.08816
0.242313 48 1.08817
0.24212 48 1.08818
0.241926 48 1.08822
0.241733 48 1.08825
0.241539 48 1.08828
0.241346 48 1.0883
0.241153 48 1.08831
0.240959 48 1.08833
0.240766 48 1.08837
0.240572 48 1.08842
0.240379 48 1.08843
0.240186 48 1.08845
0.239992 48 1.08848
0.239605 48 1.08849
0.239025 48 1.08851
0.238832 48 1.08852
0.238639 48 1.08854
0.238445 48 1.08856
0.238252 48 1.08858
0.238058 48 1.08865
0.237672 48 1.08869
0.237478 48 1.08884
0.237285 48 1.08888
0.237091 48 1.08889
0.236898 48 1.0889
0.236705 48 1.08895
0.236511 48 1.08896
0.236125 48 1.08897
0.235931 48 1.08899
0.235738 48 1.089
0.235544 48 1.08901
0.235158 48 1.08903
0.234771 48 1.08909
0.234384 48 1.0891
0.234191 48 1.08911
0.233804 48 1.08912
0.233611 48 1.08914
0.233417 48 1.08915
0.233224 48 1.08926
0.23303 48 1.08928
0.232644 48 1.0893
0.23245 48 1.08932
0.232257 48 1.08936
0.23187 48 1.08939
0.231677 48 1.08944
0.231483 48 1.08945
0.23129 48 1.0895
0.231096 48 1.08954
0.230903 48 1.08959
0.230516 48 1.08966
0.230323 48 1.08967
0.23013 48 1.08968
0.229743 48 1.08969
0.229549 48 1.0897
0.229356 48 1.08971
0.229163 48 1.08972
0.228969 48 1.08974
0.228776 48 1.08979
0.228582 48 1.08986
0.228389 48 1.08989
0.228002 48 1.0899
0.227809 48 1.08995
0.227616 48 1.08996
0.227422 48 1.09006
0.227229 48 1.09008
0.227035 48 1.09009
0.226842 48 1.0901
0.226649 48 1.09014
0.226455 48 1.09015
0.226262 48 1.09018
0.226068 48 1.09019
0.225682 48 1.09022
0.225295 48 1.09025
0.225102 48 1.09027
0.224908 48 1.09032
0.224715 48 1.09035
0.224521 48 1.09037
0.224328 48 1.09038
0.224135 48 1.09049
0.223941 48 1.09055
0.223748 48 1.09059
0.223554 48 1.09063
0.223361 48 1.09065
0.223168 48 1.09071
0.222974 48 1.09072
0.222781 48 1.09073
0.222781 47 1.09079
0.222588 47 1.09082
0.222394 47 1.09083
0.222201 47 1.09084
0.222007 47 1.09088
0.221621 47 1.09091
0.221427 47 1.09092
0.221234 47 1.09093
0.22104 47 1.09098
0.220847 47 1.091
0.220267 47 1.09101
0.220073 47 1.09103
0.21988 47 1.09105
0.219687 47 1.09107
0.219493 47 1.09108
0.2193 47 1.09111
0.219107 47 1.09115
0.218913 47 1.0912
0.21872 47 1.09121
0.218526 47 1.09124
0.218333 47 1.09126
0.21814 47 1.09129
0.217559 47 1.09134
0.217366 47 1.0914
0.217173 47 1.09146
0.216979 47 1.09149
0.216593 47 1.09151
0.216206 47 1.09154
0.216012 47 1.09157
0.215819 47 1.09161
0.215626 47 1.09164
0.215626 45 1.09168
0.215432 45 1.0917
0.215239 45 1.09173
0.215045 45 1.09175
0.214852 45 1.09176
0.214659 45 1.09179
0.214465 45 1.0918
0.214272 45 1.09185
0.214079 45 1.09186
0.213692 45 1.09191
0.213305 45 1.09198
0.213112 45 1.09199
0.212918 45 1.092
0.212531 45 1.09207
0.212338 45 1.09208
0.212145 45 1.09212
0.211951 45 1.09216
0.211758 45 1.09217
0.211371 45 1.09219
0.211371 44 1.09221
0.211178 44 1.09224
0.210791 44 1.09229
0.210598 44 1.0923
0.210404 44 1.09232
0.210211 44 1.09235
0.209824 44 1.09236
0.209631 44 1.09239
0.209437 44 1.09243
0.20905 44 1.09247
0.208857 44 1.09251
0.20847 44 1.09257
0.208277 44 1.09258
0.208084 44 1.09262
0.208084 43 1.09263
0.20789 43 1.09265
0.20789 42 1.09268
0.207503 42 1.09275
0.20731 41 1.09278
0.207117 41 1.09279
0.206923 41 1.09281
0.20673 41 1.09283
0.20673 40 1.09286
0.206536 40 1.09288
0.206343 40 1.09289
0.20615 40 1.0929
0.205956 40 1.09304
0.205763 40 1.09307
0.20557 40 1.09309
0.205376 40 1.09312
0.204989 40 1.09313
0.204796 40 1.09317
0.204603 40 1.09318
0.204216 40 1.0932
0.204022 40 1.09321
0.203829 40 1.09323
0.203636 40 1.09324
0.203442 40 1.09326
0.203056 40 1.09329
0.202669 40 1.09332
0.202475 40 1.09336
0.201895 40 1.09339
0.201702 40 1.09344
0.201508 40 1.09347
0.201315 40 1.09348
0.201122 40 1.09352
0.200928 40 1.09355
0.200735 40 1.09362
0.200541 40 1.09363
0.200155 40 1.09365
0.199961 40 1.09366
0.199381 40 1.09368
0.199188 40 1.09371
0.198608 40 1.09372
0.198027 40 1.09373
0.197834 40 1.09375
0.197641 40 1.09376
0.197447 40 1.09378
0.197254 40 1.0938
0.196674 40 1.09384
0.19648 40 1.09386
0.196287 40 1.09388
0.196094 40 1.09389
0.1959 40 1.09391
0.195707 40 1.09392
0.195513 40 1.09395
0.19532 40 1.09396
0.195127 40 1.09398
0.194933 40 1.094
0.19474 40 1.09405
0.194547 40 1.09412
0.194353 40 1.09413
0.19416 40 1.09415
0.193966 40 1.09423
0.193773 40 1.09425
0.19358 40 1.09426
0.193386 40 1.09427
0.193193 40 1.09431
0.192806 40 1.09433
0.192613 40 1.09434
0.192419 40 1.09437
0.192226 40 1.0944
0.192032 40 1.09444
0.191839 40 1.09445
0.191839 39 1.09455
0.191646 39 1.09456
0.191452 39 1.0946
0.191259 39 1.09465
0.191066 39 1.09466
0.190872 39 1.09467
0.190872 38 1.09469
0.190679 37 1.09475
0.190485 37 1.09478
0.190099 37 1.09488
0.189905 37 1.09493
0.189712 37 1.09495
0.189325 37 1.09496
0.188938 37 1.09497
0.188745 37 1.09498
0.188552 37 1.09499
0.188358 37 1.095
0.188165 37 1.09504
0.187971 37 1.09506
0.187778 37 1.09508
0.187585 37 1.09512
0.187391 37 1.09513
0.187198 37 1.09516
0.187004 37 1.09518
0.186811 37 1.09519
0.186618 37 1.09528
0.186424 37 1.09529
0.186231 37 1.0953
0.186038 37 1.09532
0.185844 37 1.09534
0.185651 37 1.09535
0.185264 37 1.09538
0.185071 37 1.0954
0.184877 37 1.09543
0.184684 37 1.09546
0.18449 37 1.09547
0.184297 37 1.09549
0.184104 37 1.0955
0.18391 37 1.09553
0.183717 37 1.09554
0.183523 37 1.09556
0.18333 37 1.09559
0.183137 37 1.09566
0.182943 37 1.09569
0.18275 37 1.09571
0.182557 36 1.09572
0.182363 36 1.09574
0.18217 36 1.0958
0.181783 36 1.09581
0.18159 36 1.09584
0.181396 36 1.09592
0.181203 36 1.09593
0.181009 36 1.09594
0.180816 36 1.096
0.180623 36 1.09602
0.180429 36 1.09603
0.180236 36 1.09606
0.180043 36 1.09609
0.179849 36 1.09612
0.179656 36 1.09616
0.179462 36 1.09617
0.179269 36 1.09618
0.179076 36 1.09625
0.178495 36 1.09627
0.178495 35 1.09629
0.178302 35 1.0963
0.178109 35 1.09643
0.177915 35 1.09658
0.177722 35 1.09661
0.177529 35 1.09667
0.177335 35 1.09668
0.176948 35 1.09669
0.176755 35 1.09675
0.176562 35 1.09682
0.176368 35 1.09684
0.176175 35 1.09685
0.175981 35 1.09689
0.175788 35 1.09697
0.175595 35 1.09699
0.175401 35 1.09703
0.175208 35 1.09707
0.175015 35 1.09711
0.174821 35 1.09712
0.174434 35 1.09713
0.174241 35 1.09716
0.174048 35 1.09717
0.173854 35 1.09725
0.173661 35 1.09728
0.173467 35 1.09734
0.173081 35 1.0974
0.172887 35 1.09745
0.172694 35 1.09749
0.1725 35 1.09755
0.172307 35 1.09757
0.17192 35 1.0976
0.171534 35 1.09765
0.17134 35 1.09771
0.171147 35 1.09773
0.170953 35 1.09776
0.17076 34 1.09783
0.170567 34 1.09784
0.169986 34 1.09793
0.169793 34 1.09794
0.169793 33 1.09796
0.1696 33 1.09797
0.169406 33 1.09798
0.169213 33 1.098
0.16902 33 1.09801
0.168826 33 1.09805
0.168633 33 1.09808
0.168439 33 1.09812
0.168246 33 1.09813
0.168053 33 1.09815
0.167859 33 1.09817
0.167472 33 1.09826
0.167279 33 1.09833
0.167086 33 1.09835
0.166892 33 1.09837
0.166699 33 1.09839
0.166119 33 1.09843
0.165732 33 1.09848
0.165539 33 1.09852
0.165345 33 1.09855
0.165152 33 1.09856
0.164765 33 1.09862
0.164572 33 1.09865
0.164185 33 1.09872
0.163991 33 1.09873
0.163798 33 1.0988
0.163798 31 1.09886
0.163605 31 1.09895
0.163411 31 1.09899
0.163218 31 1.099
0.163025 31 1.09902
0.162831 31 1.09904
0.162638 31 1.09906
0.162444 31 1.09911
0.162251 31 1.09915
0.161864 31 1.09925
0.161671 31 1.09926
0.161477 31 1.09931
0.161284 31 1.09935
0.161091 31 1.09936
0.160897 31 1.09937
0.160704 31 1.09941
0.160511 31 1.09942
0.160317 31 1.09946
0.160124 31 1.09947
0.15993 31 1.09949
0.159737 31 1.09952
0.15935 31 1.09953
0.159157 31 1.09956
0.158963 31 1.0996
0.15877 31 1.09964
0.158383 31 1.09968
0.15819 31 1.09971
0.157997 31 1.09973
0.157803 31 1.09974
0.15761 31 1.09978
0.157416 31 1.09981
0.157223 31 1.09983
0.156836 31 1.0999
0.156836 30 1.09995
0.156643 30 1.09996
0.156256 30 1.09998
0.156063 30 1.10001
0.155869 30 1.10003
0.155676 30 1.10005
0.155482 30 1.10008
0.155289 30 1.10009
0.155096 30 1.10014
0.154902 30 1.10019
0.154709 30 1.1002
0.154516 30 1.10021
0.154322 30 1.10028
0.154129 30 1.1003
0.153935 30 1.10036
0.153742 30 1.10037
0.153549 30 1.10038
0.153355 30 1.10039
0.153162 30 1.10042
0.152968 30 1.10047
0.152775 30 1.10048
0.152582 30 1.10049
0.152195 30 1.10061
0.152002 30 1.10077
0.151808 30 1.10085
0.151615 30 1.10086
0.151421 30 1.10087
0.151035 30 1.10101
0.150841 30 1.10106
0.150648 30 1.10107
0.150261 30 1.10111
0.150068 30 1.10113
0.149874 30 1.10116
0.149681 30 1.10118
0.149488 30 1.10119
0.149294 30 1.10132
0.149101 30 1.1014
0.148907 30 1.10144
0.148714 30 1.10146
0.148521 30 1.10151
0.148327 30 1.10152
0.148134 30 1.10158
0.147747 30 1.10159
0.147554 30 1.10162
0.14736 30 1.10168
0.147167 30 1.10173
0.146974 30 1.10175
0.14678 30 1.10183
0.146587 30 1.10186
0.146393 30 1.10191
0.1462 30 1.10194
0.146007 30 1.10197
0.145813 30 1.10205
0.14562 30 1.1021
0.145426 30 1.10212
0.14504 30 1.10219
0.144653 30 1.10221
0.144459 30 1.10225
0.144266 30 1.10234
0.144073 30 1.10235
0.143686 30 1.10236
0.143493 30 1.10245
0.143299 30 1.10249
0.143106 30 1.10257
0.142912 30 1.10267
0.142526 30 1.10269
0.142332 30 1.10273
0.142139 30 1.10276
0.141945 30 1.10277
0.141752 30 1.1028
0.141559 30 1.10283
0.141172 30 1.10284
0.140979 30 1.10286
0.140785 30 1.10287
0.140592 30 1.10292
0.140592 29 1.10294
0.140398 29 1.10302
0.140205 29 1.10305
0.140205 28 1.10308
0.140012 28 1.10309
0.139818 28 1.10313
0.139625 28 1.10315
0.139431 28 1.10323
0.139238 28 1.10325
0.139045 28 1.10327
0.138851 28 1.10332
0.138658 28 1.10336
0.138465 28 1.10338
0.138078 28 1.10339
0.137884 28 1.1034
0.137691 28 1.10341
0.137498 28 1.10354
0.137111 28 1.10355
0.136917 28 1.10357
0.136724 28 1.1036
0.136531 28 1.10361
0.136337 28 1.10363
0.136144 28 1.1037
0.13595 28 1.10372
0.135564 28 1.10373
0.13537 28 1.10375
0.135177 28 1.10381
0.134984 28 1.10384
0.13479 28 1.10388
0.134597 28 1.10392
0.134403 28 1.10396
0.13421 28 1.10407
0.133823 28 1.10417
0.133436 28 1.10427
0.133243 28 1.10429
0.13305 27 1.10437
0.132663 27 1.10438
0.13247 27 1.10441
0.132083 27 1.10449
0.131503 27 1.10453
0.131309 27 1.10454
0.131116 27 1.10467
0.130922 27 1.1047
0.130729 27 1.10472
0.130536 27 1.10482
0.130342 27 1.10486
0.130149 27 1.10487
0.129956 27 1.10488
0.129762 27 1.10497
0.129182 27 1.10499
0.128989 27 1.10503
0.128795 27 1.10504
0.128602 27 1.10505
0.128408 27 1.10512
0.128215 27 1.10513
0.128022 27 1.10521
0.127828 27 1.10528
0.127635 27 1.10529
0.127442 27 1.1053
0.127248 26 1.10537
0.127055 26 1.1054
0.126861 26 1.10553
0.126668 26 1.1056
0.126475 26 1.10572
0.126475 25 1.10576
0.126281 25 1.1058
0.126088 25 1.10587
0.125894 25 1.10589
0.125701 25 1.10598
0.125314 25 1.10599
0.125121 25 1.106
0.124927 25 1.10614
0.124734 25 1.10618
0.124541 25 1.10622
0.124347 25 1.10623
0.124154 25 1.10627
0.123961 25 1.10629
0.123961 24 1.10631
0.123767 24 1.10634
0.123574 24 1.10637
0.12338 24 1.10641
0.123187 24 1.10642
0.122994 24 1.10652
0.1228 24 1.10653
0.122607 24 1.10658
0.122413 24 1.10661
0.12222 24 1.10662
0.122027 24 1.10666
0.12164 24 1.10667
0.121447 24 1.10669
0.121253 24 1.1067
0.12106 24 1.10673
0.120866 24 1.10675
0.120673 24 1.10677
0.12048 24 1.1068
0.120286 24 1.10698
0.120093 24 1.10699
0.119899 24 1.10703
0.119513 24 1.10704
0.119126 24 1.10708
0.118933 24 1.1071
0.118739 23 1.10711
0.118546 23 1.10718
0.118352 23 1.10719
0.118159 23 1.10722
0.117966 23 1.10735
0.117772 23 1.10746
0.117385 23 1.10751
0.117192 23 1.1076
0.116999 23 1.10765
0.116805 23 1.10767
0.116612 23 1.10768
0.116225 23 1.1077
0.116032 23 1.10773
0.115838 23 1.10776
0.115645 23 1.10777
0.115452 23 1.10783
0.115258 23 1.1079
0.115065 23 1.10795
0.114871 23 1.10802
0.114678 23 1.10811
0.114485 23 1.10816
0.114291 23 1.10819
0.114098 23 1.10822
0.113904 23 1.10825
0.113711 23 1.10835
0.113518 23 1.10837
0.113324 23 1.10841
0.112938 23 1.10842
0.112744 23 1.10844
0.112551 23 1.10847
0.112357 23 1.10851
0.111971 23 1.1086
0.111777 23 1.10862
0.111584 23 1.10866
0.11139 23 1.10867
0.111197 23 1.1087
0.111004 23 1.10877
0.11081 23 1.10878
0.110617 23 1.1088
0.110424 23 1.10887
0.110037 23 1.1089
0.109843 23 1.10897
0.10965 23 1.10912
0.109457 23 1.10917
0.109263 23 1.10919
0.108876 23 1.10924
0.108683 23 1.10934
0.10849 23 1.10935
0.10849 22 1.1094
0.108103 22 1.10941
0.107909 22 1.10947
0.107716 22 1.10948
0.107523 22 1.1095
0.107329 22 1.10951
0.107136 22 1.10953
0.106943 22 1.10955
0.106556 22 1.10971
0.106362 22 1.1098
0.106169 22 1.10983
0.105976 22 1.10994
0.105782 22 1.11003
0.105395 22 1.11006
0.105202 22 1.11007
0.105009 22 1.1101
0.104815 22 1.11012
0.104622 22 1.11015
0.104429 22 1.11019
0.104429 21 1.11021
0.104235 21 1.11022
0.104042 21 1.11034
0.103848 21 1.11045
0.103655 21 1.11048
0.103462 21 1.11055
0.103268 21 1.11056
0.103075 21 1.11058
0.102881 21 1.11066
0.102688 21 1.11067
0.102495 21 1.11073
0.102301 21 1.11074
0.101915 21 1.1108
0.101721 21 1.11084
0.101528 21 1.11085
0.101334 21 1.11086
0.101334 20 1.11091
0.101141 20 1.11094
0.100948 20 1.111
0.100754 20 1.11108
0.100561 20 1.11112
0.100367 20 1.11116
0.100174 20 1.11117
0.0997873 20 1.11121
0.0995939 20 1.11124
0.0994005 20 1.11127
0.0992071 20 1.11128
0.0990137 20 1.11136
0.0988203 20 1.11143
0.098627 20 1.11147
0.0984336 20 1.11158
0.0982402 20 1.11159
0.0980468 20 1.1117
0.0978534 20 1.11173
0.09766 20 1.11193
0.0974666 20 1.11199
0.0972733 20 1.11203
0.0968865 20 1.11208
0.0968865 19 1.11212
0.0966931 19 1.11219
0.0964997 19 1.11222
0.0963063 19 1.11225
0.0961129 19 1.11233
0.0959196 19 1.11235
0.0957262 19 1.11241
0.0953394 18 1.11259
0.095146 18 1.11274
0.0949526 18 1.11276
0.0947592 18 1.11277
0.0945658 18 1.11282
0.0941791 18 1.11297
0.0939857 18 1.113
0.0937923 18 1.11307
0.0935989 18 1.11308
0.0934055 18 1.11314
0.0930188 18 1.11328
0.0928254 18 1.11338
0.0924386 18 1.11344
0.0922452 18 1.11346
0.0920518 18 1.11347
0.0918584 18 1.11348
0.0916651 18 1.11351
0.0912783 18 1.11374
0.0908915 18 1.11375
0.0906981 18 1.11381
0.0903114 18 1.11385
0.090118 18 1.11395
0.0899246 18 1.11403
0.0897312 18 1.11414
0.0895378 18 1.11415
0.0893444 18 1.11421
0.089151 18 1.11424
0.0889576 18 1.11427
0.0885709 18 1.11433
0.0883775 18 1.11434
0.0881841 18 1.11453
0.0879907 18 1.11455
0.0879907 17 1.11457
0.0877973 17 1.11462
0.0876039 17 1.11473
0.0874106 17 1.11479
0.0872172 17 1.11482
0.0870238 17 1.11493
0.0868304 17 1.11494
0.086637 17 1.11499
0.0864436 17 1.11503
0.0860569 17 1.11506
0.0858635 17 1.1151
0.0850899 17 1.1152
0.0848965 17 1.11521
0.0845098 17 1.11524
0.0843164 17 1.11526
0.084123 17 1.11542
0.0839296 17 1.11544
0.0837362 17 1.11547
0.0835428 17 1.11549
0.0833494 17 1.11559
0.0831561 17 1.11561
0.0829627 17 1.11564
0.0827693 17 1.1157
0.0825759 17 1.11581
0.0823825 17 1.11593
0.0821891 17 1.11602
0.0818024 17 1.11606
0.081609 17 1.11613
0.0814156 17 1.11632
0.0812222 17 1.11633
0.0810288 17 1.11642
0.0808354 17 1.11657
0.080642 17 1.1166
0.0804487 17 1.11662
0.0802553 17 1.11669
0.0800619 17 1.11676
0.0798685 17 1.1168
0.0796751 17 1.11694
0.0794817 17 1.11708
0.0792883 17 1.11718
0.079095 17 1.1172
0.0789016 17 1.11726
0.0787082 17 1.11727
0.0785148 17 1.11736
0.0783214 17 1.11737
0.078128 17 1.11739
0.0779346 17 1.11743
0.0779346 16 1.11746
0.0777412 16 1.11766
0.0775479 16 1.11767
0.0773545 16 1.11769
0.0771611 16 1.11778
0.0769677 16 1.1178
0.0767743 16 1.11783
0.0765809 16 1.11789
0.0763875 16 1.11794
0.0761942 16 1.11801
0.0760008 16 1.11802
0.0758074 16 1.11803
0.075614 16 1.11805
0.0754206 16 1.11807
0.0752272 16 1.11822
0.0750338 16 1.11823
0.0748405 16 1.11832
0.0746471 16 1.11835
0.0744537 16 1.11851
0.0742603 16 1.11852
0.0740669 16 1.11854
0.0738735 16 1.11856
0.0736801 16 1.1186
0.0734868 16 1.11862
0.0732934 16 1.11871
0.0731 16 1.11876
0.0729066 16 1.11895
0.0725198 16 1.11904
0.0723264 16 1.11906
0.072133 16 1.1191
0.0719397 16 1.11914
0.0715529 16 1.11918
0.0713595 16 1.1192
0.0711661 16 1.11924
0.0709727 16 1.11925
0.0707793 16 1.11928
0.070586 16 1.11931
0.070586 15 1.11959
0.0703926 15 1.11963
0.0701992 15 1.11964
0.0700058 15 1.11969
0.0698124 15 1.11978
0.069619 15 1.11992
0.0694256 15 1.11999
0.0692323 15 1.12
0.0690389 15 1.12012
0.0688455 15 1.12027
0.0686521 15 1.12029
0.0684587 15 1.12032
0.0682653 15 1.12038
0.0680719 15 1.12046
0.0678786 15 1.12049
0.0676852 15 1.12062
0.0674918 15 1.12104
0.0672984 15 1.12132
0.067105 15 1.12139
0.0669116 15 1.12156
0.0667182 15 1.12158
0.0665249 15 1.12159
0.0663315 15 1.12163
0.0661381 15 1.12167
0.0659447 15 1.12171
0.0655579 15 1.1218
0.0651711 15 1.12183
0.0649778 15 1.12193
0.0647844 15 1.12197
0.064591 15 1.12202
0.0643976 15 1.12208
0.0642042 15 1.12209
0.0640108 15 1.12217
0.0638174 15 1.12223
0.0636241 15 1.12234
0.0634307 15 1.12236
0.0632373 15 1.12244
0.0628505 15 1.12257
0.0626571 15 1.12258
0.0624637 15 1.12266
0.0622704 15 1.12269
0.062077 15 1.12271
0.0618836 15 1.12272
0.0616902 15 1.12282
0.0614968 15 1.12294
0.0613034 15 1.12295
0.06111 15 1.12301
0.0609167 15 1.12311
0.0607233 15 1.12318
0.0605299 15 1.12319
0.0603365 15 1.12322
0.0601431 15 1.12324
0.0599497 15 1.12329
0.0597563 15 1.12335
0.0595629 14 1.12336
0.0593696 14 1.12337
0.0591762 13 1.12359
0.0589828 13 1.12366
0.0587894 13 1.12368
0.058596 13 1.1237
0.0582092 13 1.12378
0.0580159 13 1.12381
0.0578225 13 1.12384
0.0576291 13 1.12389
0.0574357 13 1.12413
0.0572423 13 1.12439
0.0570489 13 1.12446
0.0568555 13 1.12448
0.0566622 13 1.12452
0.0562754 13 1.12469
0.056082 13 1.12472
0.0558886 13 1.12476
0.0556952 13 1.12483
0.0555018 13 1.12495
0.0553085 13 1.12511
0.0551151 13 1.12514
0.0549217 13 1.12517
0.0547283 13 1.1252
0.0545349 13 1.12541
0.0543415 13 1.12546
0.0541481 13 1.12549
0.0539547 13 1.12553
0.0537614 13 1.12559
0.053568 13 1.12561
0.053568 12 1.12565
0.053568 11 1.12574
0.0533746 11 1.12578
0.0529878 11 1.12602
0.0527944 11 1.12614
0.052601 11 1.12621
0.052601 10 1.12647
0.0524077 10 1.1265
0.0522143 10 1.12653
0.0520209 10 1.1266
0.0518275 10 1.12667
0.0516341 10 1.12671
0.0514407 10 1.12676
0.0512473 10 1.12679
0.051054 10 1.12682
0.0508606 10 1.12685
0.0506672 10 1.1271
0.0504738 10 1.12717
0.0502804 10 1.12734
0.050087 10 1.12739
0.0498936 10 1.12746
0.0497003 10 1.12777
0.0495069 10 1.12778
0.0493135 10 1.12779
0.0491201 10 1.12787
0.0489267 10 1.12799
0.0487333 10 1.12808
0.0485399 10 1.12811
0.0483465 10 1.12815
0.0481532 10 1.12834
0.0479598 10 1.12838
0.0477664 10 1.1287
0.047573 10 1.12878
0.0473796 10 1.1288
0.0471862 10 1.12882
0.0469928 10 1.12883
0.0467995 10 1.12892
0.0467995 9 1.12898
0.0466061 9 1.12905
0.0464127 9 1.12918
0.0462193 9 1.12937
0.0460259 9 1.12944
0.0458325 9 1.12971
0.0456391 9 1.12975
0.0454458 9 1.12979
0.0452524 9 1.1298
0.045059 9 1.12982
0.0448656 9 1.12983
0.0446722 9 1.12986
0.0442854 9 1.13004
0.0440921 9 1.13005
0.0438987 9 1.13039
0.0437053 9 1.1304
0.0435119 9 1.13075
0.0433185 9 1.13108
0.0431251 9 1.13127
0.0429317 9 1.1314
0.0427383 9 1.13157
0.042545 9 1.13158
0.0423516 9 1.13184
0.0421582 9 1.13186
0.0419648 9 1.13193
0.0417714 9 1.13197
0.041578 9 1.13199
0.0413846 9 1.132
0.0411913 9 1.13256
0.0409979 9 1.13271
0.0408045 9 1.13273
0.0406111 9 1.13298
0.0404177 9 1.13314
0.0402243 9 1.13342
0.0400309 9 1.13345
0.0398376 9 1.13371
0.0396442 9 1.13377
0.0394508 9 1.134
0.0392574 9 1.13424
0.039064 9 1.13429
0.0388706 9 1.13436
0.0386772 9 1.13452
0.0384839 9 1.13467
0.0382905 9 1.13476
0.0380971 9 1.13479
0.0379037 9 1.13482
0.0377103 9 1.13484
0.0375169 9 1.13486
0.0373235 9 1.13504
0.0371301 9 1.13518
0.0369368 9 1.13534
0.03655 9 1.13553
0.0363566 9 1.13557
0.0361632 9 1.13572
0.0359698 9 1.13575
0.0357764 9 1.13584
0.0355831 9 1.13585
0.0353897 9 1.13592
0.0351963 9 1.13601
0.0350029 9 1.1361
0.0348095 9 1.13617
0.0346161 9 1.13626
0.0344227 9 1.13635
0.0342294 9 1.1364
0.034036 9 1.13663
0.0338426 9 1.13674
0.0336492 9 1.13675
0.0334558 9 1.13686
0.0332624 9 1.13706
0.033069 9 1.13712
0.0328757 9 1.13732
0.0326823 9 1.13767
0.0324889 9 1.13771
0.0322955 9 1.13783
0.0321021 9 1.13792
0.0319087 9 1.13798
0.0317153 9 1.1382
0.0315219 9 1.13829
0.0313286 9 1.13831
0.0311352 9 1.13868
0.0309418 9 1.13887
0.0307484 9 1.13927
0.030555 9 1.13941
0.0303616 9 1.13943
0.0301682 9 1.13951
0.0299749 9 1.13962
0.0299749 8 1.13964
0.0297815 8 1.13977
0.0295881 8 1.13991
0.0293947 8 1.13999
0.0292013 8 1.14002
0.0290079 8 1.14006
0.0288145 8 1.14028
0.0286212 8 1.14049
0.0284278 8 1.14052
0.0282344 8 1.14067
0.028041 8 1.14075
0.0278476 8 1.14089
0.0278476 7 1.14091
0.0276542 7 1.14117
0.0274608 7 1.14145
0.0272675 7 1.14147
0.0270741 7 1.14153
0.0268807 7 1.14154
0.0266873 7 1.14169
0.0264939 7 1.14182
0.0263005 7 1.14183
0.0261071 7 1.14194
0.0259137 7 1.14201
0.0257204 7 1.14223
0.025527 7 1.14245
0.0253336 7 1.14248
0.0251402 7 1.14253
0.0249468 7 1.14274
0.0247534 7 1.14301
0.02456 7 1.14365
0.0243667 7 1.1438
0.0241733 7 1.14383
0.0239799 7 1.14384
0.0239799 6 1.14393
0.0237865 6 1.14409
0.0235931 6 1.14417
0.0233997 6 1.14502
0.0232063 6 1.1451
0.023013 6 1.14517
0.0228196 6 1.14534
0.0226262 6 1.14583
0.0224328 6 1.14587
0.0222394 6 1.14672
0.022046 6 1.14674
0.0218526 6 1.14718
0.0216593 6 1.14725
0.0214659 6 1.14742
0.0212725 6 1.14746
0.0212725 5 1.1476
0.0210791 5 1.14765
0.0208857 5 1.14781
0.0206923 5 1.14798
0.0204989 5 1.14802
0.0203056 5 1.14807
0.0201122 5 1.14871
0.0199188 5 1.14879
0.0197254 5 1.14891
0.019532 5 1.14902
0.0193386 5 1.14906
0.0191452 5 1.14917
0.0189518 5 1.14948
0.0187585 5 1.1496
0.0185651 5 1.14966
0.0183717 5 1.14968
0.0179849 5 1.14982
0.0177915 5 1.15
0.0175981 5 1.15011
0.0174048 5 1.15049
0.0172114 5 1.15071
0.017018 5 1.15118
0.0168246 5 1.1513
0.0166312 5 1.15157
0.0164378 5 1.15173
0.0162444 5 1.15194
0.0160511 5 1.15214
0.0158577 5 1.15235
0.0154709 5 1.15272
0.0152775 5 1.15332
0.0150841 5 1.15382
0.0148907 5 1.15473
0.0146974 5 1.15506
0.014504 5 1.15523
0.0143106 5 1.15524
0.0141172 5 1.15546
0.0139238 5 1.15561
0.0137304 5 1.15622
0.013537 5 1.15661
0.0133436 5 1.15662
0.0131503 5 1.15668
0.0129569 5 1.15693
0.0127635 5 1.15739
0.0125701 5 1.1574
0.0123767 5 1.15766
0.0121833 5 1.15769
0.0121833 4 1.1584
0.0119899 4 1.1586
0.0117966 4 1.15916
0.0116032 4 1.15921
0.0114098 4 1.15971
0.0112164 4 1.15974
0.011023 4 1.15978
0.0108296 4 1.15997
0.0106362 4 1.16005
0.0106362 3 1.1604
0.0104429 3 1.16045
0.0102495 3 1.16078
0.0100561 3 1.1609
0.0098627 3 1.1612
0.00966931 3 1.16161
0.00947592 3 1.16194
0.00928254 3 1.16214
0.00908915 3 1.1632
0.00889576 3 1.16336
0.00870238 3 1.16348
0.00850899 3 1.16454
0.00831561 3 1.16472
0.00812222 3 1.16591
0.00792883 3 1.16614
0.00792883 2 1.16627
0.00773545 2 1.16658
0.00754206 2 1.16663
0.00734868 2 1.16711
0.00715529 2 1.16721
0.00715529 1 1.16723
0.0069619 1 1.16767
0.00676852 1 1.16797
0.00657513 1 1.16875
0.00638174 1 1.1701
0.00618836 1 1.17032
0.00599497 1 1.17056
0.00580159 1 1.17091
0.0056082 1 1.17216
0.00541481 1 1.17262
0.00522143 1 1.17414
0.00502804 1 1.1743
0.00483465 1 1.17479
0.00464127 1 1.17495
0.00464127 0 1.17557
0.00444788 0 1.1774
0.0042545 0 1.17743
0.00406111 0 1.17914
0.00386772 0 1.1794
0.00367434 0 1.17995
0.00348095 0 1.18063
0.00328757 0 1.1811
0.00309418 0 1.18182
0.00290079 0 1.18437
0.00270741 0 1.18489
0.00251402 0 1.1859
0.00232063 0 1.18681
0.00212725 0 1.18753
0.00193386 0 1.18797
0.00174048 0 1.19014
0.00154709 0 1.19094
0.0013537 0 1.19295
0.00116032 0 1.20022
0.000966931 0 1.20137
0.000773545 0 1.21091
0.000580159 0 1.21784
0.000386772 0 1.21841
0.000193386 0 1.23654
0 0 1e+020
0 0 1e+020
0 0 1e+020
0 0 1e+020
0 0 1e+020
0 0 1e+020
0 0 1e+020
0 0 1e+020
0 0 1e+020
0 0 1e+020
0 0 1e+020
0 0 1e+020
0 0 1e+020
0 0 1e+020
0 0 1e+020
0 0 1e+020
0 0 1e+020
0 0 1e+020
0 0 1e+020
0 0 1e+020
0 0 1e+020
0 0 1e+020
0 0 1e+020
0 0 1e+020
0 0 1e+020
0 0 1e+020
0 0 1e+020
0 0 1e+020
0 0 1e+020
0 0 1e+020
0 0 1e+020
0 0 1e+020
0 0 1e+020
0 0 1e+020
0 0 1e+020
0 0 1e+020
0 0 1e+020
0 0 1e+020
