0.861149 164 0.5003
0.861149 163 0.5012
0.860955 162 0.5035
0.860762 162 0.5038
0.860569 162 0.5048
0.860375 162 0.5058
0.860375 161 0.5067
0.860182 161 0.5074
0.859988 161 0.5077
0.859988 160 0.5099
0.859795 160 0.5124
0.859795 159 0.5149
0.859795 157 0.517
0.859795 156 0.5175
0.859795 155 0.5199
0.859795 154 0.5208
0.859795 153 0.5209
0.859795 152 0.5214
0.859795 151 0.5215
0.859795 150 0.5232
0.859795 149 0.5234
0.859602 149 0.5236
0.859602 148 0.5237
0.859408 148 0.5241
0.859215 148 0.5271
0.859215 147 0.5309
0.859215 146 0.5314
0.859021 145 0.5315
0.859021 144 0.5343
0.858828 144 0.5345
0.858441 144 0.536
0.858248 143 0.5364
0.858055 143 0.5365
0.858055 142 0.5386
0.857861 142 0.5387
0.857861 141 0.5404
0.857668 141 0.5422
0.857474 141 0.5438
0.857281 141 0.5441
0.857088 141 0.546
0.856894 141 0.5466
0.856894 140 0.5486
0.856894 139 0.5501
0.856701 139 0.5508
0.856507 139 0.551
0.856314 139 0.552
0.856314 138 0.553
0.856121 138 0.5538
0.855927 138 0.556
0.855734 138 0.5564
0.855734 137 0.5588
0.855541 137 0.5592
0.855541 136 0.5595
0.855347 136 0.5596
0.855154 136 0.5615
0.855154 135 0.5623
0.85496 135 0.5631
0.85496 134 0.564
0.854767 133 0.5642
0.854574 133 0.5653
0.854574 132 0.5676
0.854574 131 0.5681
0.854574 130 0.5682
0.85438 130 0.5715
0.854187 130 0.5726
0.853993 130 0.5731
0.8538 130 0.5745
0.853607 130 0.5749
0.853413 130 0.5755
0.85322 130 0.5764
0.853026 130 0.5765
0.853026 129 0.5774
0.853026 128 0.5788
0.852833 128 0.5806
0.852833 127 0.5826
0.852833 126 0.5851
0.852833 125 0.5855
0.852833 124 0.5863
0.85264 124 0.5885
0.85264 123 0.5887
0.852446 123 0.5888
0.852253 123 0.5907
0.852253 122 0.5911
0.852253 121 0.5914
0.85206 120 0.5925
0.85206 119 0.5926
0.851866 118 0.5937
0.851866 117 0.5942
0.851673 117 0.5944
0.851673 116 0.5959
0.851479 116 0.5964
0.851479 115 0.597
0.851479 113 0.598
0.851286 113 0.6007
0.851286 112 0.6009
0.851093 112 0.6037
0.850899 112 0.6054
0.850899 111 0.6056
0.850706 110 0.6062
0.850512 110 0.6063
0.850512 109 0.6071
0.850319 109 0.614
0.850319 108 0.6149
0.850126 108 0.6157
0.850126 107 0.6173
0.849932 107 0.6178
0.849932 106 0.6184
0.849932 105 0.6205
0.849739 105 0.6206
0.849739 104 0.6212
0.849546 104 0.6214
0.849352 104 0.6218
0.849159 104 0.6233
0.848965 104 0.6241
0.848772 104 0.6245
0.848772 103 0.6249
0.848579 103 0.6251
0.848579 102 0.6254
0.848579 101 0.6263
0.848579 100 0.6264
0.848385 100 0.6265
0.848192 100 0.627
0.847998 100 0.6273
0.847805 100 0.6276
0.847612 100 0.6308
0.847418 100 0.631
0.847418 99 0.6312
0.847418 98 0.6317
0.847418 97 0.6326
0.847225 97 0.634
0.847032 97 0.6361
0.847032 96 0.6383
0.847032 95 0.6387
0.846838 95 0.6389
0.846645 95 0.641
0.846645 94 0.6416
0.846645 93 0.642
0.846451 93 0.6436
0.846258 93 0.6439
0.846065 93 0.6495
0.845871 93 0.6498
0.845678 93 0.6501
0.845678 92 0.6504
0.845678 91 0.6505
0.845678 90 0.6509
0.845484 90 0.652
0.845291 90 0.6523
0.845098 90 0.6525
0.844904 90 0.6529
0.844904 89 0.6542
0.844711 89 0.6579
0.844518 89 0.6582
0.844324 89 0.6587
0.844131 89 0.6592
0.843937 89 0.6596
0.843744 89 0.66
0.843551 89 0.6615
0.843357 89 0.6635
0.843164 89 0.6645
0.843164 88 0.6649
0.84297 88 0.6655
0.842777 88 0.6662
0.842584 88 0.6683
0.842584 87 0.6701
0.842584 86 0.6713
0.84239 86 0.6721
0.842197 86 0.6732
0.842003 86 0.6741
0.84181 86 0.6756
0.84181 85 0.6758
0.84181 84 0.6784
0.841617 84 0.6847
0.841617 83 0.6852
0.841423 83 0.6861
0.84123 83 0.6863
0.84123 82 0.6873
0.841037 82 0.6891
0.840843 82 0.6896
0.84065 82 0.6904
0.840456 82 0.6913
0.840263 82 0.6927
0.840263 81 0.6933
0.84007 81 0.6941
0.839876 81 0.6948
0.839683 81 0.6962
0.839489 81 0.6985
0.839296 81 0.6992
0.839296 80 0.7013
0.839103 80 0.7019
0.839103 79 0.7028
0.838909 79 0.705
0.838716 79 0.7053
0.838716 78 0.7054
0.838523 78 0.7087
0.838329 78 0.7092
0.838136 78 0.7107
0.837942 78 0.7122
0.837749 78 0.7136
0.837362 78 0.7144
0.837169 78 0.7153
0.837169 77 0.7167
0.836975 77 0.7182
0.836975 76 0.7195
0.836782 76 0.7198
0.836589 76 0.7214
0.836395 76 0.7215
0.836202 76 0.725
0.836009 76 0.7251
0.835815 76 0.7268
0.835622 76 0.729
0.835428 76 0.7296
0.835235 76 0.7299
0.835042 76 0.7302
0.834848 76 0.7306
0.834655 76 0.7308
0.834655 75 0.7338
0.834655 74 0.7345
0.834461 74 0.7349
0.834268 74 0.7351
0.834075 74 0.7356
0.833881 74 0.7382
0.833688 74 0.7386
0.833494 74 0.7395
0.833301 74 0.7407
0.833108 74 0.7409
0.832914 73 0.7417
0.832721 73 0.7418
0.832528 73 0.7426
0.832334 73 0.7441
0.832334 72 0.7444
0.831754 72 0.7445
0.831561 72 0.7447
0.831367 72 0.7452
0.831174 72 0.7453
0.83098 72 0.748
0.83098 71 0.7481
0.830787 71 0.7485
0.830787 70 0.7506
0.830594 70 0.752
0.8304 70 0.7534
0.830207 70 0.7551
0.830014 70 0.7557
0.82982 70 0.7576
0.82982 69 0.7577
0.829627 69 0.7581
0.829433 69 0.7592
0.82924 69 0.7599
0.829047 69 0.7602
0.828853 69 0.7604
0.828853 68 0.7607
0.82866 67 0.7609
0.828466 67 0.7613
0.828273 67 0.7618
0.828273 65 0.7621
0.82808 65 0.7629
0.82808 64 0.7631
0.827886 64 0.7636
0.827886 63 0.7644
0.827693 63 0.765
0.8275 63 0.7662
0.8275 62 0.7665
0.827306 62 0.7679
0.827306 61 0.7681
0.827113 61 0.7686
0.826919 61 0.7689
0.826726 61 0.7701
0.826533 61 0.7704
0.826339 61 0.7708
0.826339 60 0.771
0.826146 60 0.7718
0.825952 60 0.7738
0.825952 59 0.7739
0.825759 59 0.7746
0.825566 59 0.7756
0.825566 58 0.7766
0.825566 57 0.777
0.825566 56 0.7774
0.825372 56 0.7778
0.825179 56 0.7784
0.824985 56 0.7788
0.824985 55 0.7794
0.824792 55 0.7813
0.824599 55 0.7814
0.824405 55 0.7815
0.824212 55 0.7822
0.824019 55 0.7824
0.823825 55 0.7827
0.823632 55 0.7839
0.823438 55 0.784
0.823245 55 0.7843
0.822858 55 0.7846
0.822665 55 0.7847
0.822471 55 0.785
0.822278 55 0.7852
0.822278 54 0.7869
0.822085 54 0.7877
0.821891 54 0.7878
0.821505 53 0.7879
0.821118 53 0.7884
0.820924 53 0.7886
0.820731 53 0.7916
0.820731 52 0.7931
0.820538 52 0.7934
0.820344 52 0.7935
0.820151 52 0.794
0.819957 52 0.7957
0.819764 52 0.7984
0.819571 52 0.7988
0.819377 52 0.7994
0.819377 51 0.8008
0.819184 51 0.8017
0.818991 51 0.8027
0.818797 51 0.8028
0.818604 51 0.8032
0.81841 51 0.8035
0.818217 51 0.8036
0.818024 51 0.8038
0.818024 50 0.804
0.81783 50 0.805
0.81783 49 0.8059
0.817637 49 0.8072
0.817637 48 0.8074
0.817443 48 0.8076
0.81725 48 0.8078
0.817057 48 0.8084
0.816863 48 0.8094
0.81667 47 0.8096
0.816283 47 0.8103
0.81609 47 0.8104
0.815703 47 0.8108
0.81551 47 0.8112
0.815316 47 0.8116
0.815123 47 0.8124
0.815123 46 0.813
0.814929 46 0.8131
0.814736 46 0.8137
0.814543 46 0.8143
0.814349 46 0.8162
0.814156 46 0.8172
0.813962 46 0.818
0.813769 46 0.8191
0.813769 45 0.8193
0.813382 45 0.8201
0.813189 45 0.8207
0.812996 45 0.821
0.812802 45 0.8211
0.812609 45 0.8223
0.812415 45 0.8227
0.812222 45 0.8234
0.812029 45 0.8238
0.811835 45 0.8239
0.811642 45 0.8242
0.811255 45 0.8259
0.811062 45 0.8261
0.810868 45 0.8267
0.810675 45 0.8268
0.810482 45 0.8289
0.810288 45 0.829
0.810095 45 0.8291
0.809901 45 0.8303
0.809901 44 0.8309
0.809708 44 0.8312
0.809515 44 0.8314
0.809321 44 0.8317
0.809128 44 0.8318
0.808934 44 0.8319
0.808741 44 0.8323
0.808548 44 0.8328
0.808354 44 0.8334
0.807968 44 0.8345
0.807774 44 0.8353
0.807581 44 0.8354
0.807581 43 0.8358
0.807387 43 0.8359
0.807194 42 0.8362
0.807001 42 0.8372
0.806807 42 0.8376
0.806614 42 0.8378
0.806614 41 0.8379
0.806227 41 0.8381
0.806034 41 0.8386
0.80584 41 0.839
0.80584 40 0.8391
0.805647 40 0.8395
0.805647 39 0.8403
0.80526 39 0.8415
0.805067 39 0.8416
0.804873 39 0.8418
0.804487 39 0.842
0.804293 39 0.8423
0.8041 39 0.8426
0.803713 39 0.8438
0.80352 39 0.8439
0.803133 39 0.8444
0.802939 38 0.8445
0.802746 38 0.8447
0.802553 38 0.8464
0.802166 38 0.8465
0.801973 38 0.8466
0.801779 38 0.848
0.801586 38 0.8481
0.801392 38 0.8487
0.801199 38 0.8496
0.801006 38 0.8497
0.801006 37 0.8508
0.800425 37 0.851
0.800232 37 0.8512
0.800039 37 0.8515
0.799845 37 0.8522
0.799652 37 0.8525
0.799265 37 0.8526
0.799072 37 0.8531
0.798878 36 0.8532
0.798685 36 0.8534
0.798492 36 0.8535
0.798298 36 0.8539
0.798105 36 0.854
0.797911 36 0.8541
0.797525 36 0.8542
0.797331 36 0.8545
0.797138 36 0.8547
0.796944 36 0.8548
0.796751 36 0.8549
0.796751 35 0.8553
0.796558 35 0.8559
0.796364 35 0.856
0.796171 35 0.8573
0.795978 35 0.8576
0.795784 35 0.8577
0.795591 35 0.8578
0.795397 35 0.8579
0.795204 35 0.8584
0.795011 35 0.8585
0.794817 35 0.8589
0.79443 35 0.8595
0.794237 35 0.8601
0.794044 35 0.8602
0.794044 34 0.8604
0.79385 34 0.8605
0.793657 34 0.8608
0.793464 33 0.8612
0.79327 33 0.8623
0.793077 33 0.8624
0.792883 33 0.8628
0.79269 33 0.8629
0.792497 33 0.8634
0.792303 33 0.8635
0.79211 33 0.8637
0.791916 33 0.8647
0.791723 33 0.8648
0.79153 33 0.8654
0.791336 33 0.8656
0.79095 33 0.8658
0.790756 33 0.8665
0.790756 32 0.8668
0.790369 32 0.8669
0.790176 32 0.8673
0.789983 32 0.8676
0.789596 32 0.8679
0.789402 32 0.868
0.789016 32 0.8683
0.788822 32 0.8684
0.788629 32 0.8685
0.788436 32 0.8686
0.788242 32 0.8688
0.788049 32 0.8689
0.787855 32 0.8698
0.787662 32 0.87
0.787662 31 0.8705
0.787469 31 0.8708
0.787275 31 0.871
0.787082 31 0.8712
0.786888 31 0.8714
0.786502 31 0.8715
0.786308 31 0.8716
0.786115 31 0.8721
0.785921 31 0.8724
0.785535 31 0.8725
0.785341 31 0.8727
0.785148 31 0.873
0.784955 31 0.8733
0.784761 31 0.874
0.784568 31 0.8741
0.784181 31 0.8746
0.783988 30 0.875
0.783794 30 0.8751
0.783601 30 0.8753
0.783407 30 0.8754
0.783021 30 0.876
0.782634 30 0.8761
0.782441 30 0.8766
0.782247 30 0.8768
0.78186 30 0.8771
0.781667 30 0.8773
0.781087 30 0.8776
0.780893 30 0.8779
0.7807 30 0.8781
0.780507 30 0.8783
0.780313 30 0.8784
0.780313 29 0.8788
0.78012 29 0.8789
0.779927 29 0.8791
0.779733 29 0.8793
0.77954 29 0.8794
0.779153 29 0.8795
0.77896 29 0.8798
0.778573 29 0.8801
0.778186 29 0.8804
0.778186 28 0.8806
0.777993 28 0.8808
0.777799 28 0.881
0.777606 28 0.8813
0.777412 28 0.8815
0.777219 28 0.8816
0.777026 27 0.8817
0.776832 27 0.8819
0.776639 27 0.8821
0.776446 27 0.8823
0.776252 27 0.8824
0.776059 27 0.8825
0.775672 27 0.8826
0.775479 27 0.883
0.775285 27 0.8835
0.775092 27 0.8838
0.774898 27 0.8839
0.774512 27 0.8841
0.774318 27 0.8842
0.774125 27 0.8845
0.773738 27 0.8846
0.773351 27 0.8847
0.773158 27 0.8851
0.772965 27 0.8852
0.772578 27 0.8853
0.772191 27 0.8854
0.771998 27 0.8855
0.771804 27 0.8857
0.771418 27 0.886
0.770644 27 0.8861
0.770451 27 0.8862
0.770257 27 0.8865
0.76987 27 0.8866
0.769484 27 0.8867
0.76929 27 0.8869
0.769097 27 0.887
0.768517 27 0.8871
0.76813 27 0.8872
0.767937 27 0.8874
0.76755 27 0.8877
0.76697 27 0.8879
0.766776 27 0.888
0.766583 27 0.8885
0.766389 27 0.8886
0.766003 27 0.8887
0.765809 27 0.8891
0.765616 27 0.8892
0.765423 27 0.8897
0.765423 26 0.8901
0.765229 26 0.8905
0.764842 26 0.8906
0.764649 26 0.8907
0.764456 26 0.8908
0.764262 26 0.8909
0.764069 26 0.891
0.763875 26 0.8912
0.763102 26 0.8916
0.762909 26 0.8917
0.762715 26 0.8918
0.762135 26 0.892
0.761942 26 0.8925
0.761748 26 0.8927
0.761555 26 0.8928
0.761361 26 0.8929
0.761168 26 0.893
0.760781 26 0.8932
0.760395 26 0.8933
0.760201 26 0.8935
0.760008 26 0.8938
0.759428 26 0.894
0.759234 26 0.8947
0.759041 26 0.8948
0.758847 26 0.8949
0.758654 26 0.8951
0.758267 26 0.8954
0.758074 26 0.8956
0.75788 26 0.8957
0.757494 26 0.8959
0.7573 26 0.8961
0.757107 26 0.8964
0.756914 25 0.8966
0.756527 25 0.8967
0.756333 25 0.897
0.75614 25 0.8971
0.755753 25 0.8972
0.755753 24 0.8973
0.75498 24 0.8975
0.7544 24 0.8976
0.754206 24 0.8977
0.754013 24 0.8978
0.753626 24 0.898
0.753433 24 0.8981
0.752852 24 0.8983
0.752659 24 0.8985
0.751886 24 0.8986
0.751692 23 0.8988
0.751112 23 0.899
0.750919 23 0.8991
0.750725 23 0.8992
0.750532 23 0.8994
0.750338 23 0.8995
0.750145 23 0.8996
0.749758 23 0.8998
0.749371 22 0.8999
0.749178 22 0.9
0.748791 22 0.9001
0.748598 22 0.9002
0.748405 22 0.9003
0.748211 22 0.9006
0.748018 22 0.9007
0.747631 22 0.9008
0.747438 22 0.901
0.746857 22 0.9011
0.746664 22 0.9016
0.746471 22 0.9017
0.746277 22 0.9019
0.746084 22 0.9022
0.745891 22 0.9023
0.745697 22 0.9025
0.745504 22 0.9027
0.74531 22 0.9028
0.745117 22 0.903
0.744924 22 0.9032
0.74473 22 0.9033
0.744343 22 0.9035
0.74415 22 0.9036
0.743957 22 0.9037
0.743763 22 0.9038
0.74357 22 0.9039
0.74299 22 0.904
0.742603 22 0.9041
0.74241 22 0.9042
0.742216 22 0.9044
0.741829 22 0.9045
0.741636 22 0.9046
0.741443 22 0.9047
0.741056 22 0.9048
0.740669 22 0.9049
0.740476 22 0.905
0.740282 22 0.9051
0.739896 22 0.9052
0.739315 22 0.9053
0.738929 22 0.9055
0.738735 22 0.9056
0.738348 22 0.9058
0.737768 22 0.9061
0.737188 22 0.9062
0.736801 22 0.9064
0.736608 22 0.9068
0.736415 22 0.907
0.736221 22 0.9071
0.736028 22 0.9073
0.735834 22 0.9074
0.735448 22 0.9075
0.735061 22 0.9076
0.734481 22 0.9077
0.733901 22 0.9078
0.733514 22 0.9079
0.73332 22 0.9081
0.733127 22 0.9082
0.732934 22 0.9083
0.732354 22 0.9084
0.731967 22 0.9085
0.731773 22 0.9086
0.731193 22 0.9087
0.730806 22 0.9088
0.730613 22 0.909
0.73042 22 0.9091
0.730226 22 0.9092
0.730033 22 0.9094
0.729453 22 0.9096
0.729066 22 0.9098
0.728873 22 0.9099
0.728679 22 0.9101
0.728486 21 0.9102
0.727906 21 0.9103
0.727712 21 0.9106
0.727519 21 0.911
0.726552 21 0.9111
0.726359 21 0.9112
0.725778 21 0.9113
0.725585 21 0.9114
0.725198 21 0.9115
0.725005 21 0.9117
0.724425 21 0.9118
0.724038 21 0.9119
0.723845 21 0.9122
0.723458 21 0.9123
0.723071 21 0.9124
0.722878 21 0.9125
0.722684 21 0.9126
0.722297 21 0.9127
0.721911 21 0.9128
0.72133 21 0.9129
0.720944 21 0.9131
0.72075 21 0.9132
0.720557 21 0.9133
0.72017 21 0.9134
0.719783 21 0.9135
0.71959 21 0.9136
0.71901 20 0.9137
0.718623 20 0.9138
0.71843 20 0.914
0.718043 20 0.9142
0.71785 20 0.9143
0.717076 20 0.9144
0.716689 20 0.9145
0.716496 20 0.9147
0.715916 20 0.915
0.715722 20 0.9151
0.715142 20 0.9152
0.714755 20 0.9153
0.714562 20 0.9154
0.714369 20 0.9155
0.714175 20 0.9156
0.713982 20 0.9158
0.713788 20 0.9159
0.713402 20 0.916
0.713208 20 0.9161
0.713015 20 0.9162
0.712628 20 0.9164
0.712048 20 0.9165
0.710694 20 0.9166
0.710114 20 0.9167
0.709921 20 0.9168
0.709727 20 0.9169
0.709341 19 0.917
0.70876 19 0.9173
0.708374 19 0.9175
0.707987 19 0.9176
0.707793 19 0.9178
0.7076 19 0.9179
0.70702 19 0.918
0.706827 19 0.9181
0.706633 19 0.9182
0.706246 19 0.9183
0.706053 18 0.9184
0.705666 18 0.9185
0.705086 18 0.9186
0.704313 18 0.9187
0.704119 18 0.9188
0.703732 18 0.9189
0.703539 18 0.919
0.703346 18 0.9192
0.702959 18 0.9193
0.702765 18 0.9195
0.702185 18 0.9196
0.701605 18 0.9197
0.701218 18 0.9198
0.701025 18 0.9199
0.700251 18 0.92
0.700058 18 0.9202
0.699091 18 0.9204
0.698511 18 0.9205
0.698124 18 0.9206
0.697931 18 0.9207
0.697737 18 0.9208
0.697351 18 0.921
0.696384 18 0.9211
0.69619 18 0.9212
0.695804 18 0.9213
0.69561 18 0.9215
0.695223 18 0.9216
0.694837 18 0.9217
0.694643 18 0.9218
0.69445 18 0.9219
0.69387 18 0.922
0.693289 18 0.9221
0.692903 18 0.9222
0.692709 18 0.9224
0.692323 18 0.9225
0.691936 18 0.9226
0.691549 18 0.9227
0.690775 18 0.9228
0.690582 18 0.9229
0.689615 18 0.923
0.689228 18 0.9231
0.688648 17 0.9232
0.687681 17 0.9233
0.687101 17 0.9234
0.686714 17 0.9235
0.686521 17 0.9236
0.685941 17 0.9237
0.685554 17 0.9239
0.685167 17 0.924
0.684781 17 0.9241
0.6842 17 0.9242
0.684007 17 0.9244
0.683814 17 0.9245
0.682653 17 0.9246
0.682266 17 0.9247
0.682073 17 0.9248
0.68188 17 0.9249
0.6813 17 0.925
0.680913 17 0.9251
0.680719 17 0.9252
0.680333 17 0.9253
0.679946 17 0.9255
0.679559 17 0.9257
0.679366 17 0.9258
0.678786 17 0.9259
0.678205 17 0.926
0.678012 17 0.9261
0.677238 17 0.9262
0.675885 17 0.9263
0.675691 17 0.9264
0.675498 17 0.9265
0.675111 17 0.9266
0.674724 17 0.9267
0.674338 17 0.9268
0.673951 17 0.9269
0.673371 17 0.927
0.673177 17 0.9271
0.672597 17 0.9272
0.67221 17 0.9273
0.67163 17 0.9274
0.67105 17 0.9275
0.670083 17 0.9276
0.66989 16 0.9279
0.669503 16 0.9282
0.669116 16 0.9283
0.668729 16 0.9284
0.668536 16 0.9285
0.667763 16 0.9286
0.667376 16 0.9287
0.666989 16 0.9288
0.666409 16 0.9289
0.665829 16 0.929
0.665249 16 0.9291
0.664862 16 0.9292
0.664475 16 0.9294
0.663701 16 0.9295
0.663508 16 0.9296
0.662928 16 0.9297
0.662734 16 0.9298
0.662348 16 0.9299
0.661381 16 0.93
0.660607 16 0.9301
0.660027 16 0.9302
0.65906 16 0.9303
0.658673 16 0.9304
0.657513 16 0.9305
0.65732 16 0.9307
0.656353 16 0.9308
0.655192 16 0.9309
0.654419 16 0.9311
0.654225 16 0.9312
0.653452 16 0.9313
0.652292 16 0.9314
0.651905 16 0.9315
0.651518 16 0.9316
0.651131 16 0.9317
0.650551 16 0.9318
0.649971 16 0.9319
0.649584 16 0.932
0.649391 16 0.9321
0.648811 16 0.9322
0.64765 16 0.9324
0.647264 16 0.9325
0.646877 16 0.9326
0.646877 15 0.9327
0.646103 15 0.9328
0.645523 15 0.9329
0.64533 15 0.933
0.644943 15 0.9331
0.644363 15 0.9332
0.644169 15 0.9333
0.643589 15 0.9334
0.643396 15 0.9335
0.643202 15 0.9336
0.642429 15 0.9338
0.642236 15 0.9339
0.641462 15 0.934
0.640302 15 0.9341
0.639528 15 0.9342
0.638948 15 0.9343
0.638561 15 0.9344
0.638174 15 0.9345
0.637788 15 0.9346
0.637401 15 0.9347
0.637014 15 0.9348
0.636821 15 0.935
0.636241 15 0.9351
0.636047 15 0.9352
0.635274 15 0.9353
0.634887 15 0.9354
0.6345 15 0.9355
0.634113 15 0.9356
0.63392 15 0.9357
0.63334 15 0.9359
0.63276 15 0.936
0.631793 15 0.9361
0.631599 15 0.9362
0.630632 15 0.9363
0.630052 15 0.9364
0.629085 15 0.9366
0.628505 15 0.9367
0.628505 14 0.9368
0.627925 14 0.9369
0.627538 13 0.937
0.627151 13 0.9371
0.626184 13 0.9372
0.625604 13 0.9373
0.624831 13 0.9374
0.624444 13 0.9375
0.623864 13 0.9376
0.622704 13 0.9377
0.621543 13 0.9378
0.619996 13 0.938
0.619416 13 0.9381
0.618642 13 0.9382
0.618256 13 0.9383
0.618062 13 0.9385
0.617869 13 0.9387
0.617289 13 0.9388
0.616709 13 0.9389
0.616515 13 0.939
0.615355 13 0.9391
0.615161 13 0.9392
0.614388 13 0.9394
0.613614 13 0.9395
0.613228 13 0.9396
0.612261 13 0.9397
0.612067 13 0.9399
0.6111 13 0.94
0.610714 13 0.9401
0.609747 13 0.9402
0.609553 13 0.9403
0.609167 13 0.9404
0.60878 13 0.9405
0.6082 13 0.9406
0.606846 13 0.9407
0.606072 13 0.9408
0.605879 13 0.9409
0.605105 13 0.941
0.604719 13 0.9411
0.604332 13 0.9413
0.603945 13 0.9414
0.603558 13 0.9415
0.602978 13 0.9416
0.602591 13 0.9417
0.601818 13 0.9418
0.601431 13 0.9419
0.600464 13 0.942
0.600077 13 0.9421
0.599691 13 0.9422
0.598917 13 0.9423
0.598337 13 0.9424
0.597563 13 0.9425
0.596596 13 0.9427
0.596016 13 0.9428
0.595629 13 0.9429
0.594663 13 0.943
0.594082 13 0.9431
0.593115 13 0.9432
0.592149 13 0.9433
0.591568 13 0.9434
0.590988 13 0.9435
0.590795 13 0.9436
0.590408 13 0.9437
0.590215 13 0.9438
0.589635 13 0.9439
0.589441 13 0.944
0.588087 13 0.9441
0.587314 13 0.9442
0.58654 13 0.9443
0.585767 13 0.9444
0.5848 13 0.9445
0.583446 13 0.9446
0.582866 13 0.9447
0.582286 13 0.9448
0.581512 13 0.9449
0.580352 13 0.945
0.578998 13 0.9451
0.578611 13 0.9452
0.577838 13 0.9453
0.576678 13 0.9454
0.575904 13 0.9455
0.575324 13 0.9456
0.57455 13 0.9457
0.57397 13 0.9458
0.573777 13 0.9459
0.57339 13 0.946
0.573003 13 0.9462
0.571843 13 0.9463
0.570876 13 0.9464
0.569522 12 0.9465
0.569136 12 0.9466
0.568749 12 0.9467
0.567782 12 0.9468
0.567588 12 0.9469
0.566815 12 0.947
0.566041 12 0.9471
0.565655 12 0.9472
0.564688 12 0.9473
0.564108 12 0.9474
0.563527 12 0.9475
0.562947 12 0.9476
0.562367 12 0.9477
0.561594 12 0.9478
0.561207 12 0.948
0.56082 12 0.9481
0.560433 12 0.9482
0.560046 12 0.9483
0.55966 12 0.9484
0.559079 12 0.9485
0.558113 12 0.9486
0.557919 12 0.9487
0.556565 12 0.9488
0.555405 12 0.9489
0.555018 12 0.949
0.554245 11 0.9491
0.553471 11 0.9492
0.553278 11 0.9494
0.552891 11 0.9495
0.551344 11 0.9496
0.551151 11 0.9497
0.550764 11 0.9499
0.54999 11 0.95
0.54941 11 0.9501
0.548443 11 0.9502
0.547283 10 0.9503
0.546703 10 0.9504
0.544962 10 0.9505
0.543995 10 0.9506
0.543415 10 0.9507
0.542835 10 0.9508
0.542255 10 0.9509
0.541288 10 0.951
0.540708 10 0.9511
0.539934 10 0.9512
0.538194 10 0.9513
0.537614 10 0.9514
0.537227 10 0.9515
0.536453 10 0.9516
0.535486 10 0.9517
0.534519 9 0.9518
0.534326 9 0.9519
0.533746 9 0.952
0.533359 9 0.9521
0.532779 9 0.9522
0.532199 9 0.9523
0.531232 9 0.9524
0.530652 9 0.9525
0.530072 9 0.9526
0.528911 9 0.9527
0.528524 9 0.9528
0.527751 9 0.9529
0.526977 9 0.953
0.526397 9 0.9532
0.52601 9 0.9533
0.525044 9 0.9534
0.523883 9 0.9535
0.52311 9 0.9536
0.522723 9 0.9537
0.522143 8 0.9538
0.520982 8 0.9539
0.520402 8 0.954
0.520015 8 0.9541
0.519242 8 0.9542
0.518855 8 0.9543
0.517695 8 0.9544
0.517115 8 0.9545
0.516535 8 0.9546
0.516341 8 0.9547
0.515954 8 0.9548
0.515181 8 0.9549
0.514794 8 0.955
0.514214 8 0.9551
0.513247 8 0.9552
0.51228 8 0.9553
0.511506 8 0.9554
0.51112 8 0.9555
0.51054 8 0.9556
0.509186 8 0.9557
0.508606 8 0.9558
0.508026 8 0.9559
0.507059 8 0.956
0.506092 8 0.9561
0.505512 8 0.9562
0.505125 7 0.9563
0.504158 7 0.9564
0.503578 7 0.9565
0.503384 7 0.9566
0.502997 7 0.9567
0.502224 7 0.9568
0.50145 7 0.9569
0.501064 7 0.957
0.499903 7 0.9571
0.499323 7 0.9572
0.49913 7 0.9573
0.498163 7 0.9574
0.497389 7 0.9575
0.496809 7 0.9576
0.496422 7 0.9577
0.495842 6 0.9579
0.495069 6 0.958
0.494295 6 0.9581
0.493715 6 0.9582
0.492555 6 0.9583
0.491781 6 0.9584
0.490814 6 0.9586
0.489654 6 0.9587
0.489267 6 0.9588
0.488687 6 0.9589
0.48772 6 0.959
0.48656 6 0.9591
0.485593 6 0.9592
0.485206 6 0.9593
0.484239 6 0.9594
0.483852 6 0.9595
0.483272 6 0.9596
0.482499 6 0.9597
0.482112 6 0.9598
0.481338 6 0.9599
0.480371 6 0.96
0.479598 6 0.9601
0.478824 6 0.9602
0.478437 6 0.9603
0.478244 6 0.9604
0.478051 6 0.9605
0.477277 6 0.9606
0.47689 6 0.9607
0.47631 6 0.9608
0.474956 6 0.9609
0.473409 6 0.961
0.472829 6 0.9611
0.471669 6 0.9612
0.470315 6 0.9614
0.468962 6 0.9615
0.468768 6 0.9616
0.468381 6 0.9617
0.467995 6 0.9618
0.467028 6 0.9619
0.466447 6 0.962
0.466061 6 0.9621
0.465481 6 0.9622
0.465094 6 0.9623
0.46432 6 0.9624
0.463353 6 0.9625
0.462193 6 0.9626
0.460453 6 0.9627
0.459679 6 0.9628
0.458712 6 0.9629
0.457552 6 0.963
0.456778 6 0.9631
0.456005 6 0.9632
0.455231 6 0.9633
0.454651 6 0.9634
0.454071 6 0.9635
0.453297 6 0.9636
0.452717 6 0.9637
0.451944 6 0.9638
0.450783 6 0.9639
0.450203 6 0.964
0.449236 6 0.9641
0.448849 6 0.9642
0.448269 6 0.9643
0.447689 6 0.9644
0.446335 6 0.9645
0.445175 6 0.9646
0.444595 6 0.9647
0.444401 6 0.9648
0.443628 6 0.9649
0.442468 6 0.965
0.441694 6 0.9651
0.440727 6 0.9652
0.439567 6 0.9653
0.4386 6 0.9654
0.438213 6 0.9655
0.437633 6 0.9656
0.436859 6 0.9657
0.436279 6 0.9658
0.435506 6 0.9659
0.434539 6 0.966
0.433765 6 0.9661
0.433378 6 0.9662
0.432605 6 0.9663
0.432025 6 0.9664
0.430864 6 0.9665
0.429898 6 0.9666
0.429124 6 0.9667
0.428157 6 0.9668
0.427383 6 0.9669
0.426803 6 0.967
0.426417 6 0.9671
0.42545 6 0.9672
0.424676 6 0.9673
0.424096 6 0.9674
0.423322 6 0.9675
0.422355 6 0.9676
0.421969 6 0.9677
0.421389 6 0.9678
0.420808 6 0.968
0.420035 6 0.9681
0.419648 6 0.9682
0.418101 6 0.9683
0.417327 6 0.9684
0.41636 6 0.9685
0.415394 6 0.9686
0.415007 6 0.9687
0.414233 6 0.9688
0.41346 6 0.9689
0.412493 6 0.969
0.412106 6 0.9691
0.411719 6 0.9692
0.410752 6 0.9693
0.409399 6 0.9694
0.408625 6 0.9695
0.407658 6 0.9696
0.407465 6 0.9697
0.406691 6 0.9698
0.405918 6 0.9699
0.405144 6 0.97
0.404757 6 0.9701
0.404177 6 0.9702
0.40263 6 0.9703
0.401857 6 0.9704
0.401663 6 0.9705
0.401276 6 0.9706
0.400309 6 0.9707
0.398956 6 0.9708
0.398182 6 0.9709
0.397022 6 0.971
0.396055 6 0.9711
0.394895 6 0.9712
0.394508 6 0.9713
0.393928 6 0.9714
0.393348 6 0.9715
0.393154 6 0.9716
0.392767 6 0.9717
0.392574 6 0.9718
0.3918 6 0.9719
0.39064 6 0.972
0.39006 6 0.9721
0.389093 6 0.9722
0.388319 6 0.9723
0.387933 6 0.9724
0.387353 6 0.9725
0.386579 6 0.9726
0.385612 6 0.9727
0.384839 6 0.9729
0.383678 6 0.973
0.383291 6 0.9731
0.382905 6 0.9732
0.382131 6 0.9733
0.381551 6 0.9734
0.380004 6 0.9735
0.379424 6 0.9736
0.378844 6 0.9737
0.378263 6 0.9738
0.376716 6 0.9739
0.375943 6 0.974
0.374396 6 0.9741
0.373622 6 0.9742
0.373042 6 0.9743
0.372075 6 0.9744
0.370915 6 0.9745
0.370528 6 0.9746
0.370335 6 0.9747
0.368981 6 0.9748
0.368401 6 0.9749
0.366273 6 0.9751
0.365307 6 0.9752
0.36492 6 0.9753
0.36434 6 0.9754
0.363179 6 0.9755
0.362599 6 0.9756
0.360859 6 0.9757
0.360278 6 0.9758
0.359698 6 0.9759
0.359118 6 0.976
0.358925 6 0.9761
0.358151 6 0.9762
0.357571 6 0.9763
0.356798 6 0.9764
0.356411 6 0.9765
0.355057 6 0.9766
0.353703 6 0.9767
0.35293 6 0.9768
0.351383 6 0.9769
0.350803 6 0.977
0.350029 6 0.9771
0.349449 6 0.9772
0.348095 6 0.9773
0.347128 6 0.9774
0.346935 6 0.9775
0.345388 6 0.9776
0.344808 6 0.9777
0.343647 6 0.9778
0.342874 6 0.9779
0.34152 6 0.978
0.340553 6 0.9781
0.339393 6 0.9782
0.337846 6 0.9783
0.336105 6 0.9784
0.334945 6 0.9785
0.334365 6 0.9786
0.332624 6 0.9787
0.332044 6 0.9788
0.331464 5 0.9789
0.330884 5 0.979
0.329917 5 0.9791
0.32837 5 0.9792
0.327403 5 0.9793
0.325469 5 0.9794
0.324695 5 0.9795
0.323148 5 0.9796
0.322375 5 0.9797
0.321214 5 0.9798
0.320634 5 0.9799
0.319861 5 0.98
0.318314 5 0.9801
0.317153 5 0.9802
0.31696 5 0.9803
0.315606 5 0.9804
0.314446 5 0.9805
0.313286 5 0.9806
0.311545 5 0.9807
0.310772 5 0.9808
0.308838 5 0.9809
0.308258 5 0.981
0.306904 5 0.9811
0.305744 5 0.9812
0.30439 5 0.9813
0.303036 5 0.9814
0.300716 5 0.9815
0.299749 5 0.9816
0.298782 5 0.9817
0.297428 5 0.9818
0.296268 5 0.9819
0.295107 5 0.982
0.293754 5 0.9821
0.292013 5 0.9822
0.289693 5 0.9823
0.288532 5 0.9824
0.286985 5 0.9825
0.285438 5 0.9826
0.284084 5 0.9827
0.283891 5 0.9828
0.283117 5 0.9829
0.281764 5 0.983
0.28041 5 0.9831
0.278863 5 0.9832
0.276929 5 0.9833
0.275575 4 0.9834
0.274415 4 0.9835
0.273448 4 0.9836
0.272288 3 0.9837
0.270547 3 0.9838
0.269194 3 0.9839
0.268227 3 0.984
0.266099 3 0.9841
0.265132 3 0.9842
0.264166 3 0.9843
0.262812 3 0.9844
0.261071 3 0.9845
0.259524 3 0.9846
0.257784 3 0.9847
0.25643 3 0.9848
0.254109 3 0.9849
0.252756 3 0.985
0.251209 3 0.9851
0.249662 3 0.9852
0.247728 3 0.9853
0.246954 3 0.9854
0.245987 3 0.9855
0.244247 3 0.9856
0.242313 3 0.9857
0.239799 3 0.9858
0.238639 3 0.9859
0.236898 3 0.986
0.235351 3 0.9861
0.232837 3 0.9862
0.231677 3 0.9863
0.230323 3 0.9864
0.228582 3 0.9865
0.226262 3 0.9866
0.224521 3 0.9867
0.222781 3 0.9868
0.221427 3 0.9869
0.219107 3 0.987
0.21814 3 0.9871
0.216593 3 0.9872
0.213885 3 0.9873
0.212338 3 0.9874
0.211371 3 0.9875
0.209437 3 0.9876
0.207503 3 0.9877
0.20557 3 0.9878
0.204409 3 0.9879
0.201895 3 0.988
0.201122 3 0.9881
0.199188 3 0.9882
0.197834 3 0.9883
0.19532 3 0.9884
0.193386 3 0.9885
0.191066 2 0.9886
0.188358 2 0.9887
0.186424 2 0.9888
0.185264 2 0.9889
0.182943 2 0.989
0.181009 2 0.9891
0.179269 2 0.9892
0.177722 2 0.9893
0.174821 2 0.9894
0.172307 2 0.9895
0.16902 2 0.9896
0.165345 2 0.9897
0.162444 2 0.9898
0.159544 2 0.9899
0.158383 2 0.99
0.155289 2 0.9901
0.152582 2 0.9902
0.151228 2 0.9903
0.148714 2 0.9904
0.146393 2 0.9905
0.143106 2 0.9906
0.140785 1 0.9907
0.138078 1 0.9908
0.13595 1 0.9909
0.133823 1 0.991
0.130922 1 0.9911
0.128602 1 0.9912
0.126088 1 0.9913
0.122607 1 0.9914
0.12048 1 0.9915
0.117772 1 0.9916
0.115645 1 0.9917
0.113131 1 0.9918
0.110617 1 0.9919
0.108103 1 0.992
0.105976 1 0.9921
0.102881 1 0.9922
0.0984336 1 0.9923
0.0943725 1 0.9924
0.0922452 1 0.9925
0.0897312 1 0.9926
0.0876039 1 0.9927
0.0856701 1 0.9928
0.0835428 1 0.9929
0.0804487 1 0.993
0.0783214 1 0.9931
0.0752272 1 0.9932
0.072133 1 0.9933
0.0701992 1 0.9934
0.0682653 1 0.9935
0.0657513 1 0.9936
0.0614968 1 0.9937
0.0593696 1 0.9938
0.056082 1 0.9939
0.0527944 1 0.994
0.0504738 1 0.9941
0.047573 1 0.9942
0.0446722 1 0.9943
0.0429317 1 0.9944
0.0402243 1 0.9945
0.0375169 1 0.9946
0.03655 1 0.9947
0.034036 1 0.9948
0.0311352 1 0.9949
0.0288145 0 0.995
0.0276542 0 0.9951
0.0257204 0 0.9952
0.0237865 0 0.9953
0.0224328 0 0.9954
0.0206923 0 0.9955
0.019532 0 0.9956
0.0193386 0 0.9957
0.0175981 0 0.9958
0.0164378 0 0.9959
0.0154709 0 0.996
0.0139238 0 0.9961
0.0125701 0 0.9962
0.0114098 0 0.9963
0.0104429 0 0.9964
0.0100561 0 0.9965
0.00889576 0 0.9966
0.00812222 0 0.9967
0.00754206 0 0.9969
0.00715529 0 0.997
0.0069619 0 0.9971
0.00580159 0 0.9972
0.00541481 0 0.9973
0.00522143 0 0.9974
0.00483465 0 0.9976
0.00406111 0 0.9977
0.00367434 0 0.9979
0.00290079 0 0.998
0.00270741 0 0.9981
0.00251402 0 0.9982
0.00193386 0 0.9984
0.00174048 0 0.9985
0.0013537 0 0.9986
0.00116032 0 0.9988
0.000966931 0 0.9989
0.000580159 0 0.9992
0.000386772 0 0.9995
0.000193386 0 0.9997
0 0 1e+20
0 0 1e+20
