0.920132 2087 0.300015
0.920132 2086 0.300124
0.920132 2085 0.300289
0.920132 2084 0.300329
0.920132 2083 0.301037
0.920132 2082 0.301172
0.920132 2081 0.301343
0.920132 2080 0.301449
0.920132 2079 0.301592
0.920132 2078 0.301607
0.920132 2077 0.301652
0.920132 2076 0.301729
0.920132 2075 0.301826
0.920132 2074 0.301979
0.920132 2073 0.302217
0.920132 2072 0.302285
0.920132 2071 0.302322
0.920132 2070 0.302751
0.920132 2069 0.303197
0.920132 2068 0.303236
0.920132 2067 0.303455
0.920132 2066 0.303485
0.920132 2065 0.303592
0.920132 2064 0.303894
0.920132 2063 0.304287
0.920132 2062 0.304296
0.920132 2061 0.304496
0.920132 2060 0.304737
0.920132 2059 0.305001
0.920132 2058 0.305319
0.920132 2057 0.30534
0.919938 2057 0.305391
0.919938 2056 0.305395
0.919938 2055 0.305764
0.919938 2054 0.306185
0.919938 2053 0.306223
0.919938 2052 0.30675
0.919938 2051 0.306921
0.919938 2050 0.306952
0.919938 2049 0.30705
0.919938 2048 0.307086
0.919938 2047 0.307296
0.919938 2046 0.307571
0.919938 2045 0.307757
0.919938 2044 0.307893
0.919938 2043 0.308352
0.919938 2042 0.308554
0.919938 2041 0.309106
0.919938 2040 0.309194
0.919938 2039 0.309515
0.919938 2038 0.30963
0.919938 2037 0.309701
0.919938 2036 0.30974
0.919938 2035 0.30987
0.919938 2034 0.309946
0.919938 2033 0.310058
0.919938 2032 0.310256
0.919938 2031 0.310318
0.919938 2030 0.310615
0.919938 2029 0.310628
0.919938 2028 0.310771
0.919745 2028 0.310903
0.919745 2027 0.311029
0.919551 2027 0.311139
0.919551 2026 0.311142
0.919551 2025 0.3112
0.919551 2024 0.311268
0.919551 2023 0.311464
0.919358 2023 0.311477
0.919358 2022 0.31185
0.919358 2021 0.311889
0.919358 2020 0.311991
0.919358 2019 0.312088
0.919165 2019 0.312125
0.919165 2018 0.312229
0.919165 2017 0.312244
0.919165 2016 0.312252
0.919165 2015 0.312342
0.918971 2015 0.312469
0.918971 2014 0.312923
0.918971 2013 0.313054
0.918971 2012 0.313318
0.918971 2011 0.313325
0.918971 2010 0.313402
0.918971 2009 0.313847
0.918971 2008 0.313882
0.918971 2007 0.314253
0.918971 2006 0.314268
0.918971 2005 0.3145
0.918971 2004 0.314506
0.918971 2003 0.314866
0.918971 2002 0.314906
0.918971 2001 0.315056
0.918778 2001 0.315107
0.918778 2000 0.31514
0.918778 1999 0.315238
0.918778 1998 0.315285
0.918778 1997 0.315427
0.918778 1996 0.315443
0.918778 1995 0.315839
0.918778 1994 0.315998
0.918778 1992 0.316571
0.918778 1991 0.316667
0.918778 1990 0.316786
0.918778 1989 0.316867
0.918778 1988 0.317289
0.918778 1987 0.317384
0.918778 1986 0.31752
0.918778 1985 0.31767
0.918778 1984 0.317671
0.918778 1983 0.317728
0.918778 1982 0.317833
0.918778 1981 0.318016
0.918778 1980 0.318156
0.918778 1979 0.318568
0.918778 1978 0.318704
0.918778 1977 0.318708
0.918778 1976 0.318881
0.918778 1975 0.319424
0.918778 1974 0.319526
0.918778 1973 0.319669
0.918778 1972 0.319789
0.918778 1971 0.319874
0.918778 1970 0.320446
0.918778 1969 0.320674
0.918778 1968 0.321374
0.918778 1967 0.321818
0.918584 1967 0.322015
0.918584 1966 0.322066
0.918584 1965 0.322183
0.918584 1964 0.322294
0.918584 1963 0.322308
0.918584 1962 0.322353
0.918584 1961 0.322488
0.918584 1960 0.323157
0.918584 1959 0.323164
0.918584 1958 0.323473
0.918584 1957 0.323632
0.918584 1956 0.323778
0.918584 1955 0.323986
0.918584 1954 0.324062
0.918584 1953 0.324413
0.918584 1952 0.324498
0.918584 1951 0.324571
0.918584 1950 0.324609
0.918584 1949 0.324748
0.918584 1948 0.324819
0.918584 1947 0.324953
0.918584 1946 0.324996
0.918391 1946 0.325286
0.918391 1945 0.325316
0.918391 1944 0.325473
0.918391 1943 0.325485
0.918391 1942 0.32583
0.918584 1940 0.325874
0.918584 1939 0.326056
0.918584 1938 0.326298
0.918584 1937 0.326773
0.918584 1936 0.326811
0.918584 1935 0.326844
0.918584 1934 0.32698
0.918584 1933 0.327134
0.918584 1932 0.327238
0.918584 1931 0.327744
0.918584 1930 0.327755
0.918584 1929 0.327807
0.918584 1928 0.3281
0.918584 1927 0.328244
0.918584 1926 0.328293
0.918584 1925 0.32834
0.918391 1925 0.328773
0.918391 1924 0.329233
0.918391 1923 0.329281
0.918391 1922 0.329352
0.918391 1921 0.329403
0.918391 1920 0.330378
0.918391 1919 0.3307
0.918391 1918 0.330865
0.918391 1917 0.331229
0.918391 1916 0.331437
0.918391 1915 0.331549
0.918391 1914 0.331622
0.918391 1913 0.331728
0.918391 1912 0.33202
0.918391 1911 0.332275
0.918391 1910 0.332316
0.918391 1909 0.332367
0.918391 1908 0.3325
0.918391 1907 0.332892
0.918391 1906 0.33303
0.918391 1905 0.33336
0.918391 1904 0.333674
0.918391 1903 0.333861
0.918391 1902 0.333876
0.918391 1901 0.334059
0.918391 1900 0.334574
0.918391 1898 0.334729
0.918391 1897 0.335171
0.918391 1896 0.335438
0.918391 1895 0.335645
0.918391 1894 0.335706
0.918391 1893 0.335799
0.918391 1892 0.335826
0.918391 1891 0.335922
0.918391 1890 0.336102
0.918391 1889 0.337305
0.918391 1888 0.337315
0.918391 1887 0.337494
0.918391 1886 0.33753
0.918391 1885 0.33757
0.918391 1884 0.337579
0.918391 1883 0.337658
0.918391 1882 0.337781
0.918391 1881 0.337892
0.918391 1880 0.338293
0.918391 1879 0.338491
0.918391 1878 0.338605
0.918584 1876 0.338614
0.918584 1875 0.339062
0.918584 1874 0.339118
0.918584 1873 0.339205
0.918584 1872 0.339211
0.918584 1871 0.339394
0.918584 1870 0.339507
0.918584 1869 0.339535
0.918584 1868 0.339639
0.918584 1867 0.33966
0.918584 1866 0.339728
0.918584 1865 0.339742
0.918584 1864 0.340064
0.918584 1863 0.340162
0.918584 1862 0.340215
0.918584 1861 0.340245
0.918584 1860 0.340718
0.918584 1859 0.340754
0.918584 1858 0.341298
0.918584 1857 0.341347
0.918584 1856 0.341416
0.918584 1855 0.341453
0.918584 1854 0.341862
0.918584 1853 0.342006
0.918584 1852 0.342168
0.918584 1851 0.342206
0.918584 1850 0.342449
0.918584 1849 0.342511
0.918584 1848 0.342744
0.918584 1847 0.34277
0.918584 1846 0.343092
0.918584 1845 0.3432
0.918584 1844 0.343244
0.918584 1843 0.343277
0.918584 1842 0.343401
0.918584 1841 0.34346
0.918584 1840 0.343479
0.918584 1839 0.343793
0.918584 1838 0.343937
0.918584 1837 0.344127
0.918584 1836 0.344641
0.918584 1835 0.344661
0.918584 1834 0.344791
0.918584 1833 0.345145
0.918584 1832 0.345313
0.918584 1831 0.345563
0.918584 1830 0.345878
0.918584 1829 0.345904
0.918391 1829 0.346076
0.918391 1828 0.346085
0.918391 1827 0.346108
0.918391 1826 0.346245
0.918198 1826 0.346251
0.918198 1825 0.346669
0.918198 1824 0.34716
0.918198 1823 0.347634
0.918198 1822 0.348061
0.918198 1821 0.348105
0.918198 1820 0.348313
0.918198 1819 0.348556
0.918198 1818 0.348928
0.918198 1817 0.348935
0.918198 1816 0.349613
0.918198 1815 0.349643
0.918198 1814 0.349755
0.918198 1813 0.349848
0.918198 1812 0.350131
0.918198 1811 0.35018
0.918198 1810 0.350588
0.918198 1809 0.350838
0.918198 1808 0.350958
0.918198 1807 0.351311
0.918198 1806 0.351807
0.918198 1805 0.351928
0.918198 1804 0.352032
0.918198 1803 0.35223
0.918198 1802 0.352888
0.918198 1801 0.353239
0.918198 1800 0.353439
0.918198 1799 0.353771
0.918198 1798 0.353986
0.918198 1797 0.354062
0.918198 1796 0.354278
0.918198 1795 0.354687
0.918198 1794 0.354806
0.918198 1793 0.354869
0.918198 1792 0.354876
0.918198 1791 0.35495
0.918198 1790 0.355496
0.918198 1789 0.355502
0.918198 1788 0.356002
0.918198 1787 0.356063
0.918198 1786 0.356131
0.918198 1785 0.356382
0.918198 1784 0.356434
0.918198 1783 0.357106
0.918198 1782 0.357209
0.918198 1781 0.357464
0.918198 1780 0.357549
0.918198 1779 0.357658
0.918198 1778 0.358021
0.918198 1777 0.359018
0.918198 1776 0.359162
0.918198 1775 0.359414
0.918198 1774 0.360276
0.918198 1773 0.360641
0.918198 1772 0.360979
0.918198 1771 0.361184
0.918198 1770 0.361255
0.918198 1769 0.361261
0.918198 1768 0.361785
0.918198 1767 0.361926
0.918198 1766 0.362275
0.918198 1765 0.362345
0.918198 1764 0.36256
0.918198 1763 0.362796
0.918198 1762 0.362802
0.918198 1761 0.362932
0.918198 1760 0.363561
0.918198 1759 0.363989
0.918198 1758 0.364197
0.918198 1757 0.364435
0.918198 1756 0.364696
0.918198 1755 0.364757
0.918198 1754 0.364779
0.918198 1753 0.364938
0.918198 1752 0.365189
0.918198 1751 0.365419
0.918198 1750 0.365465
0.918198 1749 0.365733
0.918198 1748 0.36578
0.918198 1746 0.365858
0.918198 1745 0.365862
0.918198 1744 0.366829
0.918004 1744 0.367077
0.918004 1743 0.367135
0.918004 1742 0.367202
0.918004 1741 0.367246
0.918004 1740 0.367249
0.918004 1739 0.367254
0.918004 1738 0.367358
0.918004 1737 0.367476
0.918004 1736 0.367891
0.918004 1735 0.368314
0.918004 1734 0.368481
0.918004 1733 0.368875
0.918004 1732 0.369405
0.918004 1731 0.369619
0.918004 1730 0.369982
0.918004 1729 0.370109
0.918004 1728 0.370175
0.918004 1727 0.370178
0.918004 1726 0.370279
0.918004 1725 0.370572
0.918004 1724 0.372362
0.918004 1723 0.372467
0.918004 1722 0.372828
0.918004 1721 0.372865
0.918004 1720 0.373041
0.918004 1719 0.373072
0.918004 1718 0.373218
0.918004 1717 0.373493
0.918004 1716 0.373596
0.918004 1715 0.373636
0.918004 1714 0.373823
0.918004 1713 0.374085
0.918004 1712 0.374639
0.918004 1711 0.374713
0.918004 1710 0.374923
0.918004 1709 0.375185
0.918004 1708 0.375406
0.918004 1707 0.375411
0.918004 1706 0.375483
0.918004 1705 0.376234
0.918004 1704 0.376315
0.918004 1703 0.376445
0.918004 1702 0.376794
0.918004 1701 0.37682
0.918004 1700 0.376844
0.918004 1699 0.376928
0.918004 1698 0.377028
0.918004 1697 0.377334
0.918004 1696 0.377501
0.918004 1695 0.377536
0.918004 1694 0.377554
0.918004 1693 0.377958
0.918004 1692 0.378179
0.918004 1691 0.378243
0.918004 1690 0.378499
0.918004 1689 0.378575
0.918004 1688 0.378627
0.918004 1687 0.378794
0.918004 1686 0.378964
0.918004 1685 0.379047
0.918004 1684 0.379049
0.918004 1683 0.379334
0.918004 1682 0.379402
0.918004 1681 0.379989
0.918004 1680 0.380225
0.918004 1679 0.380535
0.918004 1678 0.38065
0.918198 1676 0.380663
0.918198 1675 0.380733
0.918198 1674 0.380833
0.918004 1674 0.380864
0.918004 1673 0.380865
0.918004 1672 0.380978
0.918004 1671 0.381336
0.918004 1670 0.381596
0.918004 1669 0.38175
0.918004 1668 0.381766
0.918004 1667 0.382054
0.918004 1666 0.382214
0.918004 1665 0.382258
0.918004 1664 0.382544
0.918004 1663 0.382546
0.918004 1662 0.382751
0.918004 1661 0.382813
0.918004 1660 0.382838
0.918004 1659 0.382979
0.918004 1658 0.383097
0.918004 1657 0.383158
0.918004 1656 0.383254
0.918004 1655 0.383316
0.918004 1654 0.383528
0.918004 1653 0.383901
0.918004 1652 0.383993
0.918004 1651 0.38421
0.918004 1650 0.384358
0.918004 1649 0.38444
0.918004 1648 0.384607
0.918004 1647 0.385022
0.918004 1646 0.385027
0.918004 1645 0.385082
0.918004 1644 0.385311
0.918004 1643 0.385351
0.918004 1642 0.385382
0.918004 1641 0.38551
0.918004 1640 0.385544
0.918004 1639 0.385567
0.918004 1638 0.385655
0.918004 1637 0.385839
0.918004 1636 0.386028
0.918004 1635 0.386081
0.918004 1634 0.386884
0.918004 1633 0.386953
0.918004 1632 0.3873
0.918004 1631 0.387743
0.918004 1630 0.388247
0.918004 1629 0.388611
0.918004 1628 0.388816
0.918004 1627 0.389013
0.918004 1626 0.389163
0.918004 1625 0.389542
0.918004 1624 0.389648
0.918004 1623 0.390269
0.918004 1622 0.390917
0.918004 1621 0.391629
0.918004 1620 0.391742
0.918004 1619 0.391891
0.918004 1618 0.392103
0.918004 1617 0.392182
0.918004 1616 0.392535
0.918004 1615 0.392599
0.918004 1614 0.392674
0.918004 1613 0.392876
0.918004 1612 0.393186
0.918004 1611 0.393226
0.918004 1610 0.393338
0.918004 1609 0.393534
0.918004 1608 0.393836
0.918004 1607 0.393872
0.918004 1606 0.393916
0.918004 1605 0.394311
0.918004 1604 0.394859
0.918004 1603 0.395086
0.918004 1602 0.395731
0.918004 1601 0.396305
0.918004 1600 0.396482
0.918004 1599 0.396566
0.918004 1598 0.396589
0.918004 1597 0.396814
0.918004 1596 0.396847
0.918004 1595 0.396915
0.918004 1594 0.396978
0.918004 1593 0.397152
0.918004 1592 0.397388
0.918004 1591 0.39772
0.918004 1590 0.398066
0.918004 1589 0.398095
0.918004 1588 0.398192
0.917811 1588 0.398315
0.917811 1587 0.398372
0.917811 1586 0.398507
0.917811 1585 0.398729
0.917811 1584 0.399225
0.917811 1583 0.399314
0.917811 1582 0.399726
0.917811 1581 0.399784
0.917617 1581 0.399853
0.917617 1580 0.400147
0.917617 1579 0.400558
0.917617 1578 0.400565
0.917617 1577 0.401183
0.917617 1576 0.401467
0.917617 1575 0.402793
0.917617 1574 0.402918
0.917617 1573 0.403297
0.917617 1572 0.403696
0.917617 1571 0.404209
0.917617 1570 0.404531
0.917617 1569 0.404649
0.917617 1568 0.404804
0.917617 1567 0.404855
0.917617 1566 0.405096
0.917617 1565 0.405099
0.917617 1564 0.405154
0.917617 1563 0.405258
0.917617 1562 0.40535
0.917617 1561 0.405511
0.917617 1560 0.405771
0.917617 1559 0.406658
0.917617 1558 0.406885
0.917617 1557 0.407626
0.917617 1556 0.407731
0.917617 1555 0.408266
0.917617 1554 0.409404
0.917617 1553 0.409441
0.917617 1552 0.411631
0.917617 1551 0.411857
0.917617 1550 0.41186
0.917617 1549 0.412201
0.917617 1548 0.412299
0.917617 1547 0.412651
0.917617 1546 0.412745
0.917617 1545 0.412941
0.917617 1544 0.413107
0.917617 1543 0.413184
0.917424 1543 0.413276
0.917424 1542 0.413463
0.917424 1541 0.413619
0.917424 1540 0.413853
0.917231 1540 0.414393
0.917037 1540 0.414828
0.917037 1539 0.414876
0.917037 1538 0.41501
0.917037 1537 0.416211
0.917037 1536 0.416301
0.917037 1535 0.41651
0.917037 1534 0.416542
0.916844 1533 0.416586
0.916844 1532 0.416654
0.916844 1531 0.417035
0.916844 1530 0.417245
0.916844 1529 0.417455
0.916844 1528 0.417498
0.916844 1527 0.417607
0.916844 1526 0.417787
0.916844 1525 0.418075
0.916844 1524 0.418192
0.916844 1523 0.418276
0.916844 1522 0.418349
0.916844 1521 0.418822
0.916844 1520 0.419166
0.916844 1519 0.419233
0.916844 1518 0.41989
0.916651 1518 0.420095
0.916651 1517 0.42159
0.916651 1516 0.421724
0.916651 1515 0.422055
0.916651 1514 0.422271
0.916651 1513 0.42275
0.916651 1512 0.423205
0.916651 1511 0.423494
0.916651 1510 0.423549
0.916651 1509 0.423818
0.916651 1508 0.424193
0.916651 1507 0.424798
0.916651 1506 0.424821
0.916651 1505 0.424883
0.916651 1504 0.424995
0.916651 1503 0.425194
0.916651 1502 0.425382
0.916651 1501 0.425675
0.916651 1499 0.425914
0.916651 1498 0.426151
0.916651 1497 0.426467
0.916651 1496 0.426836
0.916651 1495 0.426938
0.916651 1494 0.427192
0.916651 1493 0.427982
0.916651 1492 0.428384
0.916651 1491 0.42845
0.916651 1490 0.428466
0.916651 1489 0.428488
0.916651 1488 0.428617
0.916651 1487 0.42883
0.916651 1486 0.429781
0.916651 1485 0.429787
0.916651 1484 0.430012
0.916651 1483 0.430094
0.916651 1482 0.43039
0.916651 1481 0.430473
0.916651 1480 0.430477
0.916651 1479 0.430945
0.916651 1478 0.431064
0.916651 1477 0.431069
0.916651 1476 0.431829
0.916651 1475 0.431841
0.916651 1474 0.431846
0.916651 1473 0.431951
0.916651 1472 0.432225
0.916651 1471 0.432513
0.916651 1470 0.433171
0.916651 1469 0.433461
0.916651 1468 0.433582
0.916651 1467 0.433601
0.916651 1466 0.433623
0.916651 1465 0.433844
0.916651 1464 0.434407
0.916651 1463 0.434773
0.916651 1462 0.4349
0.916651 1461 0.435015
0.916651 1460 0.435549
0.916651 1459 0.435687
0.916457 1459 0.436129
0.916457 1458 0.436203
0.916457 1457 0.436234
0.916457 1456 0.436786
0.916457 1455 0.437086
0.916457 1454 0.437169
0.916457 1453 0.437569
0.916457 1452 0.437743
0.916457 1451 0.438033
0.916457 1450 0.438508
0.916457 1449 0.438848
0.916457 1448 0.439944
0.916457 1447 0.440195
0.916457 1446 0.441062
0.916457 1445 0.44193
0.916457 1444 0.442234
0.916264 1444 0.442313
0.916264 1443 0.442674
0.916264 1442 0.442924
0.916264 1441 0.442926
0.916264 1440 0.443013
0.916264 1439 0.443446
0.916264 1438 0.44376
0.916264 1437 0.443961
0.916264 1436 0.443978
0.916264 1435 0.44435
0.916264 1434 0.444542
0.916264 1433 0.444601
0.91607 1433 0.444763
0.91607 1432 0.44485
0.91607 1431 0.444883
0.91607 1430 0.445311
0.91607 1429 0.445353
0.91607 1428 0.446001
0.91607 1427 0.446144
0.91607 1426 0.446218
0.91607 1425 0.446234
0.91607 1424 0.446705
0.915877 1424 0.446796
0.915877 1423 0.44729
0.915877 1422 0.447323
0.915877 1421 0.447481
0.915877 1420 0.448237
0.915877 1419 0.448263
0.915877 1418 0.44883
0.915877 1417 0.448925
0.915877 1416 0.449119
0.915877 1415 0.449162
0.915877 1414 0.449498
0.915877 1413 0.449646
0.915877 1412 0.450232
0.915877 1411 0.450374
0.915877 1410 0.450453
0.915877 1409 0.450804
0.915877 1408 0.451209
0.915877 1407 0.452106
0.915877 1406 0.452276
0.915877 1405 0.452443
0.915877 1404 0.45294
0.915877 1403 0.453727
0.915877 1402 0.454365
0.915877 1401 0.455082
0.915877 1400 0.455337
0.915877 1399 0.455877
0.915877 1398 0.45594
0.915877 1397 0.4563
0.915684 1397 0.456357
0.915684 1396 0.456456
0.915684 1395 0.456535
0.915684 1394 0.45667
0.915684 1393 0.456867
0.915684 1392 0.457154
0.91549 1392 0.457637
0.91549 1391 0.457658
0.91549 1390 0.458405
0.91549 1389 0.458532
0.91549 1388 0.458616
0.91549 1387 0.458687
0.91549 1386 0.459397
0.91549 1385 0.459537
0.91549 1384 0.459761
0.91549 1383 0.460636
0.91549 1382 0.46089
0.91549 1381 0.4613
0.91549 1380 0.461489
0.91549 1379 0.461516
0.91549 1378 0.461714
0.91549 1377 0.461804
0.91549 1376 0.461902
0.91549 1375 0.461928
0.91549 1374 0.462812
0.91549 1373 0.462904
0.91549 1372 0.464354
0.91549 1371 0.464851
0.915297 1371 0.465284
0.915297 1370 0.46533
0.915297 1369 0.465526
0.915297 1368 0.465809
0.915297 1367 0.466228
0.915297 1366 0.466388
0.915297 1365 0.466579
0.915297 1364 0.466622
0.915297 1363 0.466769
0.915297 1362 0.467415
0.915297 1361 0.467676
0.915297 1360 0.467898
0.915297 1359 0.468062
0.915103 1359 0.468454
0.915103 1358 0.468734
0.915103 1357 0.468954
0.915103 1356 0.469103
0.915103 1355 0.46922
0.915103 1354 0.469255
0.915103 1353 0.469665
0.915103 1352 0.469851
0.915103 1351 0.47013
0.915103 1350 0.470189
0.915103 1349 0.470256
0.915103 1348 0.470298
0.915103 1347 0.470397
0.915103 1346 0.470693
0.915103 1345 0.47071
0.915103 1344 0.470782
0.915103 1343 0.470841
0.915103 1342 0.470898
0.915103 1341 0.471092
0.915103 1340 0.471115
0.915103 1339 0.47139
0.915103 1338 0.471871
0.915103 1337 0.472114
0.91491 1337 0.472207
0.91491 1336 0.47301
0.91491 1335 0.473101
0.91491 1334 0.473155
0.91491 1332 0.473614
0.91491 1331 0.474215
0.91491 1330 0.474446
0.91491 1329 0.474598
0.91491 1328 0.474599
0.91491 1327 0.475286
0.91491 1326 0.475903
0.91491 1325 0.476362
0.91491 1324 0.476555
0.91491 1323 0.476667
0.91491 1322 0.476756
0.91491 1321 0.476929
0.91491 1320 0.477012
0.91491 1319 0.477113
0.91491 1318 0.477348
0.914717 1318 0.477449
0.914717 1317 0.477537
0.914717 1316 0.478425
0.914717 1315 0.479659
0.914717 1314 0.480078
0.914717 1313 0.480432
0.914523 1313 0.480466
0.914523 1312 0.480704
0.914523 1311 0.481064
0.914523 1310 0.481222
0.914523 1309 0.481224
0.914523 1308 0.481419
0.914523 1307 0.481632
0.914523 1306 0.481976
0.914523 1305 0.48203
0.914523 1304 0.482153
0.914523 1303 0.482221
0.914523 1302 0.482327
0.914523 1301 0.483478
0.914523 1300 0.483795
0.914523 1299 0.484271
0.914523 1298 0.484446
0.914523 1297 0.484458
0.914523 1296 0.48479
0.914523 1295 0.485504
0.914523 1294 0.48577
0.914523 1293 0.485811
0.914523 1292 0.485855
0.914523 1291 0.486305
0.914523 1290 0.486452
0.914523 1289 0.487589
0.914523 1288 0.487724
0.914523 1287 0.487892
0.914523 1286 0.48815
0.914523 1285 0.488397
0.914523 1284 0.48844
0.914523 1283 0.488546
0.914523 1282 0.488697
0.914523 1281 0.489027
0.914523 1280 0.48904
0.914523 1279 0.489076
0.914523 1278 0.489214
0.91433 1278 0.490009
0.91433 1277 0.490023
0.91433 1276 0.490244
0.91433 1275 0.490444
0.91433 1274 0.490888
0.91433 1273 0.491682
0.91433 1272 0.49242
0.91433 1271 0.492447
0.914137 1271 0.492554
0.913943 1271 0.492573
0.913943 1270 0.492606
0.913943 1269 0.492877
0.91375 1269 0.493113
0.91375 1268 0.494368
0.91375 1267 0.494552
0.91375 1266 0.494671
0.91375 1265 0.494791
0.91375 1264 0.494867
0.91375 1263 0.495418
0.91375 1262 0.495811
0.91375 1261 0.495978
0.91375 1260 0.49602
0.91375 1259 0.496111
0.91375 1258 0.496359
0.91375 1257 0.496409
0.91375 1256 0.496684
0.913556 1256 0.496991
0.913556 1255 0.497275
0.913556 1254 0.497419
0.913556 1253 0.497999
0.913556 1252 0.498066
0.913556 1251 0.498314
0.913556 1250 0.498381
0.913556 1249 0.498738
0.913556 1248 0.499197
0.913556 1247 0.499755
0.913556 1246 0.499911
0.913556 1245 0.499935
0.913556 1244 0.501057
0.913556 1243 0.501552
0.913556 1242 0.50189
0.913556 1241 0.501988
0.913556 1240 0.502307
0.913556 1239 0.502336
0.913556 1238 0.502366
0.913556 1237 0.502398
0.913556 1236 0.502616
0.913556 1235 0.50329
0.913556 1234 0.503733
0.913556 1233 0.503918
0.913556 1232 0.504147
0.913556 1231 0.504149
0.913363 1231 0.504749
0.913363 1230 0.504857
0.913363 1229 0.504993
0.913363 1228 0.505158
0.913363 1227 0.505338
0.91317 1227 0.505797
0.91317 1226 0.505807
0.91317 1225 0.506843
0.91317 1224 0.506871
0.91317 1223 0.507108
0.91317 1222 0.507415
0.91317 1221 0.507464
0.91317 1220 0.50752
0.91317 1219 0.507551
0.91317 1218 0.507627
0.91317 1217 0.5078
0.91317 1216 0.508041
0.91317 1215 0.508106
0.91317 1214 0.508269
0.91317 1213 0.508343
0.91317 1212 0.508574
0.91317 1211 0.508586
0.91317 1210 0.50873
0.91317 1209 0.508803
0.91317 1208 0.508826
0.91317 1207 0.508897
0.91317 1206 0.508976
0.912976 1206 0.509274
0.912976 1205 0.509352
0.912976 1204 0.509365
0.912976 1203 0.509439
0.912976 1202 0.509571
0.912976 1201 0.509774
0.912976 1200 0.510085
0.912976 1199 0.510592
0.912976 1198 0.510594
0.912976 1197 0.511224
0.912976 1196 0.511668
0.912976 1195 0.511841
0.912976 1194 0.512014
0.912976 1193 0.512247
0.912783 1193 0.512547
0.912783 1192 0.512754
0.912783 1191 0.512769
0.912783 1190 0.513349
0.912783 1189 0.514002
0.912783 1188 0.514163
0.912783 1187 0.514336
0.912783 1186 0.514615
0.912783 1185 0.514855
0.912783 1184 0.515175
0.912783 1183 0.515235
0.912783 1182 0.515513
0.912783 1181 0.51558
0.912783 1180 0.51584
0.912783 1179 0.516111
0.912783 1178 0.516121
0.912783 1177 0.516349
0.912783 1176 0.516592
0.912783 1175 0.516981
0.912589 1175 0.517076
0.912589 1174 0.517102
0.912589 1173 0.517545
0.912589 1172 0.517714
0.912589 1171 0.51803
0.912589 1170 0.518158
0.912589 1169 0.518818
0.912589 1168 0.519158
0.912396 1168 0.519781
0.912396 1167 0.519792
0.912396 1166 0.51981
0.912396 1165 0.519866
0.912396 1164 0.519883
0.912396 1163 0.520279
0.912396 1162 0.520514
0.912396 1161 0.520844
0.912396 1160 0.52085
0.912396 1159 0.5209
0.912396 1158 0.521955
0.912396 1157 0.522495
0.912396 1156 0.522935
0.912396 1155 0.522986
0.912396 1154 0.523078
0.912396 1153 0.524265
0.912396 1152 0.524746
0.912396 1151 0.525086
0.912396 1150 0.525213
0.912396 1149 0.525514
0.912396 1148 0.525868
0.912396 1147 0.526011
0.912396 1146 0.526474
0.912396 1145 0.526852
0.912396 1144 0.527121
0.912203 1144 0.527657
0.912203 1143 0.528011
0.912203 1142 0.528536
0.912203 1141 0.528857
0.912203 1140 0.529236
0.912203 1139 0.52946
0.912203 1138 0.529523
0.912203 1137 0.529722
0.912203 1136 0.529938
0.912203 1135 0.530758
0.912203 1134 0.531078
0.912203 1133 0.531458
0.912203 1131 0.53254
0.912203 1130 0.532603
0.912203 1129 0.532723
0.912203 1128 0.533033
0.912009 1128 0.533461
0.912009 1127 0.533551
0.912009 1126 0.533696
0.912009 1125 0.534183
0.912009 1124 0.534753
0.912009 1123 0.535221
0.912009 1122 0.535642
0.912009 1121 0.535828
0.912009 1120 0.535893
0.912009 1119 0.536219
0.911816 1119 0.536252
0.911816 1118 0.536411
0.911816 1117 0.537247
0.911816 1116 0.537354
0.911816 1115 0.537411
0.911816 1114 0.537614
0.911623 1114 0.537687
0.911623 1113 0.53769
0.911623 1112 0.537808
0.911623 1111 0.537872
0.911623 1110 0.538374
0.911623 1109 0.538406
0.911623 1108 0.538503
0.911623 1107 0.538564
0.911623 1106 0.53923
0.911623 1105 0.539497
0.911623 1104 0.539858
0.911623 1103 0.539932
0.911429 1103 0.540511
0.911236 1103 0.540876
0.911236 1102 0.541555
0.911236 1101 0.541806
0.911236 1100 0.542011
0.911236 1099 0.542351
0.911236 1098 0.542459
0.911236 1097 0.542553
0.911042 1097 0.542787
0.911042 1096 0.54326
0.911042 1095 0.543397
0.911042 1094 0.543456
0.911042 1093 0.543611
0.911042 1092 0.543731
0.911042 1091 0.543959
0.911042 1090 0.544007
0.911042 1089 0.54418
0.911042 1088 0.544237
0.911042 1087 0.544271
0.910849 1087 0.544927
0.910849 1086 0.545017
0.910849 1085 0.546121
0.910849 1084 0.546299
0.910849 1083 0.546947
0.910849 1082 0.547219
0.910849 1081 0.547322
0.910849 1080 0.547831
0.910656 1080 0.548085
0.910656 1079 0.549177
0.910656 1078 0.549234
0.910656 1077 0.550229
0.910656 1076 0.550288
0.910656 1075 0.550391
0.910656 1074 0.55078
0.910656 1072 0.551443
0.910656 1071 0.551562
0.910656 1070 0.551788
0.910656 1069 0.552196
0.910656 1068 0.552432
0.910656 1067 0.553405
0.910656 1066 0.553885
0.910656 1065 0.554181
0.910656 1064 0.55442
0.910656 1063 0.554451
0.910656 1062 0.554507
0.910656 1061 0.554538
0.910656 1060 0.554563
0.910656 1059 0.554663
0.910656 1058 0.554909
0.910656 1057 0.555079
0.910656 1056 0.556258
0.910656 1055 0.556265
0.910656 1054 0.556646
0.910656 1053 0.556746
0.910656 1052 0.556824
0.910656 1051 0.557275
0.910656 1050 0.557403
0.910656 1049 0.558487
0.910656 1048 0.559079
0.910656 1047 0.559241
0.910656 1046 0.559442
0.910656 1045 0.55998
0.910656 1044 0.560369
0.910656 1043 0.560748
0.910656 1042 0.561113
0.910656 1041 0.561489
0.910656 1040 0.561591
0.910656 1039 0.561906
0.910656 1038 0.562091
0.910656 1037 0.562136
0.910656 1036 0.562202
0.910656 1035 0.562675
0.910656 1034 0.563212
0.910656 1033 0.5633
0.910656 1032 0.563648
0.910656 1031 0.564223
0.910462 1031 0.564537
0.910462 1030 0.56482
0.910462 1029 0.565046
0.910462 1028 0.565607
0.910462 1027 0.566155
0.910462 1026 0.566248
0.910462 1025 0.566371
0.910462 1024 0.567334
0.910462 1023 0.567399
0.910462 1022 0.567951
0.910462 1021 0.567975
0.910462 1020 0.568133
0.910462 1019 0.568183
0.910462 1018 0.568432
0.910269 1018 0.568775
0.910269 1017 0.569258
0.910269 1016 0.570359
0.910269 1015 0.570441
0.910269 1014 0.57045
0.910269 1013 0.570939
0.910269 1012 0.570944
0.910075 1012 0.570963
0.910075 1011 0.571382
0.910075 1010 0.571999
0.910075 1009 0.572074
0.910075 1008 0.572334
0.910075 1007 0.572636
0.910075 1006 0.572719
0.910075 1005 0.572826
0.910075 1004 0.572927
0.910075 1003 0.57345
0.910075 1002 0.573995
0.910075 1001 0.574492
0.910075 1000 0.575421
0.909882 1000 0.575969
0.909882 999 0.576319
0.909882 998 0.576324
0.909882 997 0.576528
0.909882 996 0.577154
0.909882 995 0.577579
0.909882 994 0.577589
0.909882 993 0.578301
0.909689 993 0.578321
0.909689 992 0.578506
0.909689 991 0.578553
0.909689 990 0.579377
0.909689 989 0.579537
0.909689 988 0.581099
0.909689 987 0.581196
0.909689 986 0.581698
0.909689 985 0.581748
0.909689 984 0.581909
0.909689 983 0.581947
0.909689 982 0.582138
0.909689 981 0.582949
0.909689 980 0.583009
0.909689 979 0.58305
0.909689 978 0.583197
0.909689 977 0.583517
0.909689 976 0.583674
0.909689 975 0.583736
0.909689 974 0.584046
0.909689 973 0.584102
0.909689 972 0.584124
0.909689 971 0.58432
0.909689 970 0.584722
0.909689 969 0.584862
0.909689 968 0.585272
0.909689 967 0.586305
0.909689 966 0.586515
0.909689 965 0.586521
0.909689 964 0.586679
0.909689 963 0.586853
0.909689 962 0.587311
0.909689 961 0.588785
0.909689 960 0.588965
0.909689 959 0.589309
0.909689 958 0.589388
0.909689 957 0.589626
0.909689 956 0.589791
0.909689 955 0.590212
0.909689 954 0.590485
0.909689 953 0.59059
0.909689 952 0.591196
0.909689 951 0.591219
0.909689 950 0.592229
0.909689 949 0.592281
0.909689 948 0.592734
0.909689 947 0.59309
0.909689 946 0.593938
0.909689 945 0.594559
0.909689 944 0.595369
0.909689 943 0.595713
0.909689 942 0.596662
0.909689 941 0.59721
0.909689 940 0.598642
0.909689 939 0.598916
0.909689 938 0.599119
0.909495 938 0.599301
0.909495 937 0.599784
0.909495 936 0.600343
0.909495 935 0.600374
0.909495 934 0.60061
0.909495 933 0.601093
0.909495 932 0.601449
0.909495 931 0.602181
0.909495 930 0.602773
0.909495 929 0.603271
0.909302 929 0.60339
0.909302 928 0.603543
0.909302 927 0.604036
0.909302 926 0.604466
0.909302 925 0.604508
0.909302 924 0.60453
0.909302 923 0.604586
0.909302 922 0.604773
0.909302 921 0.605265
0.909302 920 0.606949
0.909302 919 0.607165
0.909302 918 0.607266
0.909302 917 0.607731
0.909108 917 0.60846
0.909108 916 0.608629
0.909108 915 0.608767
0.909108 914 0.60885
0.909108 913 0.609098
0.909108 912 0.609121
0.909108 911 0.609722
0.909108 910 0.609973
0.909108 909 0.611133
0.909108 908 0.611135
0.909108 907 0.611352
0.908915 907 0.611562
0.908915 906 0.611742
0.908915 905 0.612089
0.908915 904 0.612564
0.908915 903 0.613111
0.908915 902 0.61324
0.908915 901 0.6134
0.908722 901 0.614824
0.908722 900 0.61501
0.908722 899 0.615191
0.908722 898 0.615331
0.908722 897 0.615378
0.908722 896 0.615619
0.908722 895 0.61602
0.908722 894 0.616088
0.908722 893 0.61648
0.908722 892 0.617617
0.908722 891 0.617699
0.908722 890 0.617946
0.908722 889 0.618199
0.908722 888 0.618548
0.908722 887 0.619221
0.908722 886 0.620541
0.908528 886 0.620765
0.908528 885 0.620792
0.908528 884 0.621353
0.908528 883 0.621611
0.908528 882 0.621794
0.908528 881 0.622103
0.908528 880 0.622343
0.908528 879 0.622651
0.908528 878 0.623063
0.908528 877 0.623253
0.908528 876 0.623455
0.908528 875 0.623513
0.908528 874 0.623953
0.908528 873 0.624151
0.908528 872 0.62461
0.908528 871 0.624622
0.908528 870 0.625527
0.908528 869 0.625607
0.908528 868 0.626515
0.908528 867 0.627188
0.908528 866 0.627232
0.908528 865 0.627534
0.908528 864 0.627578
0.908528 863 0.629106
0.908528 862 0.629155
0.908528 861 0.629963
0.908528 860 0.630665
0.908528 859 0.630702
0.908528 858 0.631084
0.908528 857 0.631495
0.908528 856 0.632542
0.908528 855 0.633013
0.908528 854 0.633245
0.908528 853 0.633412
0.908528 852 0.634001
0.908528 851 0.635184
0.908528 850 0.636095
0.908335 850 0.636185
0.908335 849 0.636195
0.908335 848 0.636397
0.908142 848 0.636426
0.908142 847 0.636582
0.908142 846 0.636687
0.908142 845 0.637697
0.908142 844 0.637868
0.908142 843 0.637885
0.908142 842 0.638998
0.908142 841 0.639335
0.908142 840 0.640239
0.907948 840 0.6404
0.907948 839 0.64091
0.907948 838 0.641604
0.907755 838 0.64187
0.907755 837 0.641887
0.907755 836 0.642297
0.907755 835 0.642455
0.907755 834 0.643057
0.907755 833 0.643083
0.907755 832 0.644748
0.907561 832 0.644867
0.907561 831 0.645412
0.907561 830 0.645523
0.907561 829 0.645781
0.907561 828 0.646431
0.907561 827 0.64664
0.907561 826 0.646695
0.907561 825 0.64691
0.907561 824 0.646947
0.907561 823 0.64722
0.907561 822 0.647592
0.907561 821 0.647611
0.907561 820 0.648597
0.907561 819 0.648802
0.907561 818 0.648962
0.907561 817 0.649156
0.907561 816 0.649181
0.907561 815 0.649605
0.907561 814 0.649809
0.907561 812 0.650294
0.907561 811 0.650362
0.907561 810 0.650441
0.907561 809 0.651294
0.907561 808 0.651331
0.907561 807 0.652182
0.907561 806 0.652407
0.907561 805 0.652498
0.907561 804 0.652769
0.907368 804 0.653473
0.907368 803 0.653674
0.907368 802 0.653923
0.907368 801 0.655264
0.907368 800 0.655524
0.907368 799 0.655862
0.907175 799 0.656167
0.907175 798 0.6573
0.907175 797 0.659035
0.907175 796 0.659036
0.906981 796 0.659255
0.906981 795 0.659943
0.906981 794 0.660219
0.906981 793 0.660716
0.906981 792 0.660905
0.906981 791 0.661161
0.906981 790 0.661542
0.906981 789 0.662243
0.906981 788 0.662486
0.906981 787 0.662651
0.906981 786 0.662805
0.906981 785 0.663159
0.906981 784 0.663565
0.906981 783 0.664074
0.906981 782 0.664186
0.906981 781 0.664353
0.906981 780 0.664825
0.906981 779 0.665529
0.906981 778 0.6659
0.906788 778 0.666043
0.906788 777 0.6663
0.906788 776 0.666607
0.906788 775 0.667074
0.906788 774 0.66741
0.906788 773 0.667769
0.906788 772 0.667783
0.906788 771 0.66887
0.906788 770 0.669264
0.906788 769 0.669367
0.906788 768 0.670141
0.906788 767 0.670312
0.906788 766 0.670764
0.906788 765 0.671716
0.906788 764 0.671765
0.906788 763 0.672787
0.906788 762 0.672894
0.906788 761 0.673784
0.906788 760 0.67526
0.906788 759 0.675264
0.906788 758 0.676307
0.906788 757 0.676722
0.906788 756 0.677422
0.906788 755 0.678453
0.906788 754 0.678495
0.906788 753 0.678696
0.906788 752 0.679088
0.906788 751 0.680426
0.906788 750 0.680838
0.906788 749 0.68102
0.906788 748 0.681862
0.906788 747 0.681871
0.906594 747 0.681953
0.906401 747 0.682087
0.906208 747 0.682606
0.906208 746 0.68328
0.906208 745 0.684451
0.906014 745 0.684957
0.906014 744 0.685083
0.906014 743 0.685284
0.906014 742 0.685488
0.906014 741 0.685625
0.906014 740 0.685711
0.906014 739 0.685892
0.906014 738 0.686266
0.906014 737 0.686355
0.905821 737 0.686571
0.905821 736 0.686615
0.905821 735 0.686763
0.905821 734 0.686814
0.905821 733 0.687556
0.905821 732 0.688423
0.905821 731 0.688983
0.905821 730 0.689381
0.905821 729 0.689515
0.905821 728 0.690038
0.905821 727 0.690223
0.905821 726 0.690309
0.905821 725 0.690425
0.905821 724 0.690872
0.905821 723 0.691865
0.905821 722 0.692021
0.905628 722 0.692494
0.905628 721 0.693126
0.905628 720 0.694703
0.905628 719 0.695693
0.905434 719 0.695959
0.905434 718 0.695988
0.905241 718 0.696179
0.905241 717 0.696463
0.905241 716 0.696808
0.905241 715 0.696874
0.905241 714 0.697972
0.905241 713 0.698245
0.905241 712 0.698256
0.905241 711 0.698339
0.905241 710 0.698369
0.905047 710 0.699515
0.905047 709 0.699621
0.905047 708 0.700446
0.905047 707 0.700628
0.905047 706 0.700787
0.905047 705 0.700881
0.905047 704 0.701046
0.905047 703 0.702439
0.905047 702 0.702713
0.905047 701 0.703996
0.905047 700 0.704089
0.905047 699 0.706204
0.905047 698 0.707395
0.905047 697 0.707596
0.905047 696 0.708947
0.905047 695 0.709537
0.905047 694 0.710672
0.905047 693 0.710755
0.905047 692 0.711414
0.905047 691 0.711719
0.905047 690 0.712447
0.904854 690 0.712668
0.904661 690 0.713466
0.904661 689 0.713858
0.904661 688 0.714303
0.904661 687 0.715426
0.904661 686 0.715683
0.904661 685 0.715686
0.904661 684 0.715755
0.904661 683 0.71652
0.904661 682 0.718046
0.904661 681 0.718264
0.904661 680 0.719078
0.904661 679 0.720007
0.904661 678 0.720356
0.904661 677 0.720505
0.904661 676 0.721856
0.904661 675 0.722178
0.904661 674 0.722605
0.904661 673 0.724083
0.904661 672 0.724234
0.904661 671 0.724262
0.904661 670 0.724592
0.904467 670 0.72473
0.904467 669 0.724804
0.904467 668 0.724864
0.904467 667 0.724963
0.904467 666 0.725062
0.904467 665 0.725597
0.904274 665 0.726074
0.90408 665 0.726458
0.90408 664 0.726874
0.90408 663 0.727661
0.90408 662 0.727711
0.903887 662 0.72812
0.903887 661 0.728344
0.903887 660 0.728808
0.903887 659 0.729184
0.903887 658 0.730254
0.903887 657 0.730296
0.903887 656 0.730636
0.903887 655 0.731686
0.903694 655 0.731851
0.903694 654 0.73197
0.9035 654 0.732213
0.903307 654 0.732241
0.903307 653 0.732564
0.903307 652 0.732674
0.903307 651 0.733329
0.903307 650 0.733351
0.903114 650 0.733685
0.90292 650 0.734514
0.90292 649 0.734797
0.902727 649 0.735093
0.902727 648 0.735281
0.902727 647 0.735557
0.902727 646 0.735604
0.902727 645 0.736023
0.902533 645 0.736198
0.902533 644 0.73639
0.902533 643 0.736682
0.902533 642 0.736793
0.902533 641 0.737084
0.902533 640 0.737095
0.90234 640 0.737321
0.90234 639 0.737459
0.90234 638 0.737727
0.90234 637 0.737906
0.90234 636 0.738181
0.90234 635 0.738237
0.902147 635 0.738392
0.902147 634 0.73915
0.902147 633 0.739257
0.902147 632 0.739514
0.902147 631 0.740015
0.902147 630 0.741492
0.902147 629 0.741548
0.902147 628 0.742628
0.902147 627 0.742705
0.902147 626 0.744036
0.902147 625 0.744663
0.902147 624 0.744808
0.902147 623 0.745026
0.902147 622 0.745241
0.902147 621 0.745263
0.901953 621 0.745745
0.901953 620 0.746105
0.90176 620 0.746141
0.90176 619 0.746508
0.90176 618 0.748816
0.90176 617 0.7489
0.90176 616 0.749458
0.901566 616 0.750136
0.901566 615 0.750238
0.901566 614 0.750242
0.901566 613 0.751324
0.901566 612 0.75179
0.901566 611 0.751914
0.901566 610 0.752237
0.901566 609 0.752261
0.901566 608 0.752332
0.901566 607 0.752411
0.901566 606 0.753164
0.901566 605 0.754195
0.901566 604 0.754521
0.901566 603 0.754597
0.901566 602 0.75522
0.901566 601 0.75559
0.901566 600 0.756636
0.901566 599 0.757343
0.901566 598 0.758253
0.901566 597 0.758762
0.901566 596 0.759431
0.901566 595 0.759491
0.901566 594 0.759579
0.901566 593 0.759662
0.901566 592 0.760638
0.901566 591 0.761088
0.901566 590 0.763404
0.901373 590 0.76374
0.901373 589 0.763953
0.901373 588 0.764097
0.901373 587 0.764848
0.901373 586 0.765519
0.90118 586 0.7658
0.90118 585 0.766497
0.90118 584 0.767063
0.90118 583 0.767511
0.90118 582 0.767684
0.90118 581 0.76772
0.90118 579 0.767867
0.90118 578 0.768146
0.90118 577 0.76843
0.90118 576 0.768478
0.90118 575 0.76855
0.90118 574 0.769081
0.90118 573 0.769145
0.90118 572 0.769197
0.90118 571 0.770418
0.900986 571 0.770772
0.900986 569 0.771327
0.900986 568 0.771426
0.900793 568 0.771782
0.900793 567 0.772079
0.900793 566 0.772255
0.900793 565 0.772478
0.900793 564 0.772672
0.900793 563 0.772853
0.900599 563 0.772953
0.900599 562 0.773725
0.900406 562 0.773765
0.900406 561 0.773827
0.900406 560 0.774272
0.900406 559 0.774787
0.900406 558 0.775419
0.900406 557 0.775789
0.900406 556 0.776321
0.900213 556 0.777006
0.900019 556 0.777039
0.899826 556 0.777743
0.899826 555 0.778503
0.899826 554 0.779673
0.899826 553 0.779869
0.899826 552 0.780196
0.899826 551 0.780299
0.899826 550 0.781923
0.899633 550 0.781933
0.899633 549 0.782063
0.899439 549 0.782372
0.899439 548 0.782743
0.899439 547 0.783264
0.899439 546 0.783942
0.899439 545 0.784389
0.899439 544 0.784625
0.899439 543 0.786239
0.899439 542 0.78639
0.899439 541 0.786405
0.899439 540 0.788377
0.899439 539 0.788521
0.899439 538 0.788625
0.899439 537 0.788687
0.899439 536 0.788783
0.899439 535 0.791424
0.899439 534 0.793331
0.899439 533 0.79376
0.899439 532 0.794106
0.899439 531 0.79429
0.899439 530 0.795858
0.899439 529 0.796025
0.899439 528 0.796047
0.899439 527 0.796511
0.899439 526 0.797158
0.899439 525 0.797313
0.899246 525 0.79886
0.899246 524 0.79935
0.899246 523 0.800768
0.899246 522 0.800946
0.899246 521 0.80113
0.899246 520 0.801651
0.899246 519 0.801878
0.899246 518 0.802456
0.899052 518 0.802715
0.899052 517 0.802791
0.899052 516 0.803028
0.898859 516 0.80407
0.898859 515 0.805199
0.898859 514 0.805285
0.898859 513 0.805675
0.898859 512 0.806895
0.898666 512 0.806983
0.898666 511 0.807099
0.898666 510 0.807669
0.898666 509 0.807712
0.898666 508 0.80797
0.898666 507 0.808194
0.898666 506 0.80851
0.898666 505 0.808937
0.898666 504 0.809114
0.898666 503 0.809259
0.898666 502 0.80952
0.898666 501 0.809995
0.898666 500 0.810633
0.898472 500 0.810971
0.898279 500 0.811086
0.898279 499 0.812547
0.898279 498 0.812696
0.898279 497 0.812748
0.898279 496 0.81386
0.898279 495 0.814087
0.898279 494 0.814861
0.898279 493 0.815505
0.898279 492 0.816477
0.898279 491 0.818103
0.898085 491 0.818616
0.898085 490 0.818894
0.898085 489 0.819638
0.898085 488 0.819907
0.898085 487 0.819945
0.898085 486 0.821893
0.898085 485 0.821914
0.898085 484 0.822634
0.898085 483 0.822665
0.898085 482 0.822782
0.898085 481 0.823174
0.898085 480 0.824064
0.898085 479 0.824646
0.898085 478 0.825189
0.898085 477 0.826881
0.897892 477 0.827565
0.897699 477 0.828242
0.897699 476 0.828618
0.897699 475 0.828705
0.897699 474 0.830088
0.897699 473 0.831349
0.897505 473 0.832038
0.897505 472 0.832214
0.897312 472 0.83331
0.897312 471 0.833385
0.897312 470 0.833461
0.897119 470 0.833623
0.897119 469 0.834286
0.897119 467 0.835093
0.897119 466 0.835621
0.897119 465 0.836343
0.897119 464 0.836381
0.897119 463 0.837128
0.897119 462 0.837718
0.897119 461 0.838696
0.897119 460 0.838945
0.897119 459 0.838978
0.896925 459 0.839411
0.896925 458 0.839508
0.896925 457 0.839596
0.896925 456 0.839605
0.896925 455 0.842189
0.896925 454 0.842575
0.896732 454 0.842901
0.896732 453 0.842972
0.896732 452 0.84308
0.896538 452 0.843111
0.896538 451 0.843527
0.896538 450 0.843619
0.896538 449 0.844336
0.896345 449 0.844643
0.896345 448 0.844953
0.896345 447 0.845666
0.896345 446 0.845674
0.896345 445 0.845823
0.896345 444 0.845979
0.896345 443 0.84599
0.896152 443 0.846268
0.896152 442 0.846269
0.896152 441 0.846584
0.896152 440 0.847158
0.896152 439 0.847236
0.895958 439 0.848234
0.895958 438 0.849953
0.895765 438 0.851551
0.895765 437 0.85264
0.895765 436 0.853267
0.895765 435 0.853389
0.895571 435 0.853516
0.895571 434 0.854135
0.895571 433 0.854891
0.895571 432 0.855352
0.895571 431 0.855805
0.895571 430 0.855807
0.895571 429 0.856184
0.895571 428 0.856382
0.895378 428 0.856411
0.895185 428 0.856792
0.894991 428 0.857074
0.894991 427 0.857301
0.894991 426 0.85778
0.894798 426 0.858489
0.894798 425 0.859931
0.894798 424 0.860045
0.894798 423 0.860056
0.894798 422 0.860928
0.894798 421 0.861688
0.894798 420 0.861902
0.894798 419 0.863138
0.894798 418 0.863747
0.894798 417 0.864048
0.894798 416 0.864857
0.894798 415 0.865243
0.894798 414 0.865598
0.894798 413 0.865668
0.894605 413 0.867471
0.894605 412 0.86899
0.894605 411 0.869056
0.894411 411 0.869578
0.894411 410 0.86962
0.894411 409 0.871506
0.894411 408 0.872243
0.894411 407 0.872739
0.894218 407 0.874064
0.894218 406 0.874574
0.894218 405 0.875483
0.894218 404 0.876495
0.894024 404 0.876555
0.894024 403 0.876956
0.894024 402 0.878396
0.894024 401 0.878479
0.894024 400 0.87855
0.893831 400 0.878877
0.893638 400 0.879258
0.893638 399 0.87947
0.893638 398 0.880086
0.893444 398 0.88035
0.893444 397 0.880613
0.893251 397 0.881177
0.893057 397 0.882099
0.893057 396 0.882617
0.893057 395 0.882757
0.893057 394 0.883037
0.893057 393 0.883244
0.893057 392 0.883545
0.893057 391 0.883954
0.893057 390 0.884204
0.893057 389 0.884784
0.892864 389 0.884869
0.892671 389 0.885267
0.892671 388 0.885505
0.892671 387 0.885564
0.892477 387 0.886202
0.892477 386 0.886453
0.892477 385 0.886744
0.892477 384 0.887565
0.892477 383 0.887854
0.892477 382 0.888446
0.892477 381 0.890943
0.892477 380 0.891345
0.892477 379 0.892094
0.892284 379 0.89217
0.892284 378 0.892752
0.892284 377 0.893273
0.892284 376 0.893559
0.892284 375 0.893595
0.892091 375 0.893974
0.891897 375 0.89481
0.891897 374 0.896594
0.891897 373 0.896712
0.891897 372 0.897349
0.891897 371 0.897517
0.891897 370 0.89808
0.891704 370 0.898176
0.891704 369 0.898223
0.891704 368 0.898396
0.89151 368 0.898454
0.89151 367 0.898667
0.891317 367 0.898773
0.891124 367 0.899114
0.891124 366 0.899293
0.891124 365 0.8997
0.891124 364 0.901221
0.891124 363 0.90124
0.891124 362 0.901282
0.891124 361 0.901356
0.891124 360 0.901402
0.891124 359 0.901454
0.891124 358 0.901624
0.891124 357 0.90192
0.891124 356 0.902336
0.891124 355 0.903268
0.891124 354 0.904397
0.891124 353 0.904419
0.89093 353 0.904756
0.89093 352 0.904991
0.89093 351 0.905038
0.890737 351 0.906607
0.890543 351 0.906626
0.89035 351 0.906827
0.89035 350 0.907745
0.89035 349 0.909296
0.89035 348 0.910582
0.89035 347 0.910686
0.89035 346 0.910711
0.89035 345 0.910845
0.89035 344 0.911924
0.890157 344 0.912971
0.889963 344 0.913259
0.889963 343 0.913276
0.889963 342 0.91352
0.889963 341 0.914268
0.88977 341 0.914979
0.88977 340 0.915063
0.88977 339 0.915113
0.88977 338 0.91533
0.88977 337 0.915339
0.88977 336 0.916342
0.889576 336 0.916496
0.889576 335 0.916717
0.889576 334 0.917184
0.889576 333 0.917873
0.889383 333 0.918692
0.889383 332 0.918697
0.889383 331 0.918751
0.889383 330 0.919046
0.889383 329 0.919092
0.889383 328 0.919229
0.889383 327 0.919388
0.88919 327 0.920262
0.888996 327 0.920283
0.888803 327 0.920396
0.888803 326 0.920648
0.88861 326 0.920724
0.88861 325 0.921181
0.88861 324 0.921215
0.88861 323 0.921358
0.888416 323 0.921498
0.888416 322 0.921539
0.888223 322 0.921577
0.888223 321 0.921846
0.888223 320 0.922137
0.888223 319 0.922475
0.888223 318 0.922484
0.888223 317 0.922658
0.888223 316 0.922777
0.888223 315 0.922927
0.888029 315 0.922946
0.888029 314 0.92309
0.887836 314 0.923593
0.887643 314 0.92389
0.887643 313 0.924711
0.887643 312 0.924932
0.887449 312 0.925673
0.887449 311 0.92575
0.887256 311 0.926651
0.887062 311 0.926794
0.887062 310 0.926926
0.886869 310 0.927568
0.886869 309 0.927595
0.886869 308 0.927663
0.886869 307 0.929014
0.886869 306 0.929065
0.886869 305 0.930886
0.886869 304 0.931081
0.886676 304 0.932399
0.886676 303 0.93296
0.886482 303 0.93319
0.886482 302 0.933936
0.886482 301 0.934047
0.886289 301 0.934714
0.886289 300 0.935138
0.886289 299 0.935236
0.886289 298 0.936116
0.886289 297 0.93661
0.886096 297 0.936636
0.885902 297 0.936874
0.885709 297 0.936978
0.885709 296 0.937744
0.885709 295 0.938066
0.885515 295 0.938537
0.885322 295 0.938775
0.885322 294 0.938883
0.885322 293 0.938954
0.885322 292 0.93927
0.885322 291 0.940384
0.885322 290 0.941184
0.885322 289 0.942317
0.885322 288 0.942857
0.885322 287 0.943824
0.885322 286 0.94443
0.885322 285 0.944657
0.885129 285 0.945018
0.885129 284 0.945528
0.884935 284 0.94553
0.884935 283 0.945586
0.884935 282 0.946019
0.884935 281 0.946402
0.884935 280 0.946446
0.884935 279 0.947572
0.884742 279 0.947749
0.884548 279 0.948261
0.884355 279 0.948848
0.884355 278 0.948884
0.884162 278 0.949065
0.883968 278 0.949177
0.883775 278 0.949569
0.883775 277 0.949657
0.883582 277 0.95026
0.883582 276 0.951021
0.883388 276 0.951115
0.883388 275 0.951135
0.883388 274 0.951333
0.883195 274 0.951607
0.883195 273 0.951953
0.883195 272 0.952329
0.883001 272 0.952471
0.883001 271 0.95276
0.882808 271 0.952931
0.882808 270 0.953288
0.882615 270 0.954035
0.882615 269 0.954126
0.882421 269 0.955128
0.882228 269 0.955153
0.882228 268 0.955367
0.882034 268 0.95631
0.882034 267 0.956331
0.881841 267 0.95669
0.881841 266 0.956698
0.881648 266 0.957144
0.881648 265 0.957669
0.881454 265 0.958077
0.881454 264 0.958112
0.881261 264 0.958219
0.881261 263 0.95845
0.881067 263 0.958661
0.880874 263 0.95867
0.880874 262 0.958718
0.880874 261 0.958827
0.880681 261 0.959488
0.880487 261 0.959503
0.880294 261 0.959813
0.880294 260 0.959895
0.880101 260 0.95993
0.879907 260 0.960051
0.879907 259 0.960303
0.879714 259 0.960736
0.879714 258 0.960762
0.87952 258 0.961061
0.87952 257 0.961677
0.87952 256 0.961971
0.87952 255 0.96199
0.87952 254 0.962137
0.87952 253 0.962188
0.87952 252 0.962525
0.87952 251 0.962741
0.879327 251 0.962923
0.879134 251 0.96299
0.879134 250 0.96345
0.87894 250 0.96352
0.87894 249 0.964143
0.878747 249 0.964227
0.878747 248 0.964395
0.878747 247 0.96442
0.878747 246 0.964475
0.878747 245 0.964666
0.878553 245 0.965007
0.87836 245 0.965224
0.87836 244 0.965254
0.878167 244 0.965263
0.877973 244 0.965419
0.87778 244 0.965584
0.87778 243 0.966436
0.87778 242 0.966494
0.877587 242 0.966615
0.877393 242 0.966727
0.877393 241 0.966736
0.877393 240 0.966825
0.8772 240 0.966919
0.877006 240 0.966998
0.876813 240 0.96709
0.876813 239 0.967093
0.87662 239 0.967504
0.876426 239 0.968041
0.876426 238 0.96827
0.876426 237 0.968662
0.876233 237 0.968671
0.876233 236 0.968963
0.876039 236 0.969721
0.876039 235 0.970255
0.875846 235 0.970301
0.875653 235 0.970448
0.875459 235 0.970479
0.875459 234 0.971129
0.875266 234 0.971538
0.875073 234 0.971552
0.875073 233 0.97184
0.875073 232 0.972449
0.874879 232 0.972477
0.874879 231 0.972616
0.874879 230 0.973041
0.874686 230 0.973163
0.874686 229 0.973422
0.874492 229 0.973687
0.874492 228 0.973715
0.874299 228 0.973965
0.874299 227 0.974072
0.874299 226 0.974259
0.874106 226 0.974336
0.874106 225 0.974349
0.873912 225 0.974515
0.873912 224 0.974516
0.873719 224 0.974571
0.873719 223 0.975045
0.873525 223 0.975056
0.873525 222 0.975117
0.873332 222 0.975159
0.873139 222 0.975471
0.872945 222 0.975477
0.872752 222 0.975622
0.872752 221 0.97606
0.872558 221 0.976301
0.872365 221 0.976398
0.872172 221 0.976425
0.871978 221 0.976496
0.871978 220 0.976569
0.871785 220 0.976728
0.871592 220 0.977154
0.871398 220 0.977157
0.871205 220 0.977256
0.871011 220 0.977283
0.870818 220 0.977305
0.870818 219 0.977334
0.870625 219 0.977426
0.870431 219 0.977808
0.870238 219 0.977817
0.870044 219 0.977888
0.869851 219 0.977945
0.869851 218 0.978048
0.869658 218 0.978058
0.869464 218 0.978106
0.869464 217 0.978199
0.869271 217 0.978236
0.869271 216 0.978267
0.869271 215 0.978322
0.869271 214 0.97835
0.869271 213 0.978454
0.869271 212 0.978481
0.869271 211 0.978494
0.869078 211 0.978543
0.868884 211 0.978545
0.868691 211 0.978733
0.868497 211 0.979165
0.868304 211 0.979388
0.868111 211 0.979551
0.867917 211 0.97971
0.867724 211 0.979788
0.867724 210 0.980065
0.86753 210 0.980123
0.86753 209 0.980153
0.86753 208 0.980314
0.86753 207 0.980346
0.867337 207 0.980599
0.867337 206 0.980667
0.867144 206 0.980676
0.867144 205 0.98072
0.86695 205 0.980758
0.866757 205 0.980796
0.866564 205 0.981003
0.86637 205 0.981166
0.866177 205 0.981342
0.865983 205 0.98149
0.865983 204 0.981624
0.86579 204 0.981633
0.86579 203 0.981792
0.86579 202 0.981863
0.865597 202 0.982076
0.865403 202 0.98214
0.865403 201 0.982278
0.865403 200 0.98233
0.865403 199 0.982462
0.86521 199 0.982471
0.865016 199 0.98266
0.865016 198 0.982663
0.865016 197 0.982731
0.864823 197 0.982802
0.86463 197 0.982821
0.86463 196 0.982851
0.864436 196 0.982941
0.864243 196 0.983168
0.86405 196 0.983505
0.863856 196 0.98373
0.863663 196 0.983876
0.863469 196 0.983908
0.863276 196 0.984098
0.863083 196 0.984099
0.862889 196 0.984161
0.862889 195 0.984284
0.862696 195 0.984307
0.862502 195 0.984374
0.862309 195 0.98446
0.862309 194 0.984464
0.862116 194 0.98456
0.861922 194 0.984708
0.861729 194 0.984792
0.861535 194 0.984822
0.861342 194 0.984844
0.861342 193 0.984875
0.861149 193 0.985146
0.860955 193 0.985286
0.860762 193 0.985287
0.860569 193 0.985355
0.860569 192 0.985395
0.860375 192 0.985592
0.860182 192 0.985657
0.859988 192 0.985747
0.859795 192 0.985838
0.859602 192 0.985955
0.859408 192 0.986016
0.859215 192 0.986276
0.859021 192 0.986289
0.858828 192 0.98633
0.858828 191 0.986352
0.858828 190 0.986449
0.858635 190 0.986462
0.858441 190 0.986573
0.858441 189 0.986588
0.858441 188 0.986603
0.858248 188 0.986711
0.858248 187 0.986795
0.858055 187 0.986884
0.857861 187 0.986895
0.857668 187 0.986906
0.857668 186 0.986989
0.857474 186 0.987095
0.857281 186 0.987178
0.857088 186 0.987223
0.856894 186 0.987243
0.856701 186 0.987315
0.856507 186 0.987347
0.856314 186 0.987372
0.856314 185 0.987433
0.856121 185 0.987478
0.855927 185 0.987501
0.855734 185 0.987625
0.855734 184 0.987666
0.855541 184 0.987742
0.855541 183 0.987773
0.855347 183 0.987905
0.855154 183 0.987906
0.85496 183 0.988
0.854767 183 0.988198
0.854574 183 0.988625
0.854574 182 0.988632
0.85438 182 0.988783
0.854187 182 0.988896
0.854187 181 0.988915
0.853993 181 0.988941
0.8538 181 0.989035
0.853607 181 0.989111
0.853413 181 0.989193
0.85322 181 0.989199
0.853026 181 0.989237
0.852833 181 0.989427
0.85264 181 0.989442
0.85264 180 0.98948
0.852446 180 0.989646
0.852446 179 0.989734
0.852446 178 0.989811
0.852253 178 0.989843
0.85206 178 0.989883
0.851866 178 0.990056
0.851866 177 0.990089
0.851866 176 0.990286
0.851673 176 0.990294
0.851673 175 0.990532
0.851479 175 0.990582
0.851286 175 0.990601
0.851093 175 0.990637
0.851093 174 0.990647
0.850899 174 0.990739
0.850706 174 0.99074
0.850512 174 0.990801
0.850319 174 0.990928
0.850126 174 0.990976
0.849932 174 0.990986
0.849932 173 0.990989
0.849739 173 0.99101
0.849546 173 0.991063
0.849352 173 0.991118
0.849159 173 0.991139
0.849159 172 0.991181
0.848965 172 0.99128
0.848772 172 0.991293
0.848579 172 0.991327
0.848385 172 0.991398
0.848385 171 0.991454
0.848192 171 0.991558
0.848192 170 0.991565
0.847998 170 0.991682
0.847805 170 0.991699
0.847612 170 0.99186
0.847612 169 0.991937
0.847418 169 0.992108
0.847418 168 0.992114
0.847418 167 0.992165
0.847225 167 0.99234
0.847225 166 0.992445
0.847032 166 0.992505
0.846838 166 0.992566
0.846645 166 0.992575
0.846451 166 0.992769
0.846258 166 0.992852
0.846258 165 0.992853
0.846258 164 0.992927
0.846065 164 0.99296
0.845871 164 0.99298
0.845678 164 0.993015
0.845484 164 0.993176
0.845291 164 0.993276
0.844904 164 0.993347
0.844711 164 0.993398
0.844518 164 0.99342
0.844324 164 0.993499
0.844131 164 0.993515
0.843937 164 0.993633
0.843744 164 0.993716
0.843551 164 0.993788
0.843357 164 0.993815
0.843164 164 0.993908
0.84297 164 0.993911
0.842777 164 0.993917
0.842584 164 0.993996
0.84239 164 0.994096
0.842197 164 0.994217
0.842003 164 0.994242
0.84181 164 0.994255
0.84181 163 0.994316
0.842003 161 0.994384
0.84181 161 0.994385
0.841617 161 0.994501
0.841617 160 0.994543
0.841423 160 0.994548
0.84123 160 0.994571
0.841037 160 0.994667
0.840843 160 0.994743
0.840843 159 0.994775
0.84065 159 0.994852
0.84065 158 0.994906
0.840456 158 0.994947
0.840263 158 0.995108
0.84007 158 0.995123
0.839876 158 0.99518
0.839683 158 0.995183
0.839489 158 0.995209
0.839296 158 0.995249
0.839296 157 0.995266
0.839103 157 0.995284
0.838909 157 0.995346
0.838716 157 0.995361
0.838523 157 0.995394
0.838523 156 0.995406
0.838329 156 0.995417
0.838136 156 0.995423
0.838136 155 0.995448
0.837942 155 0.995465
0.837749 155 0.995468
0.837556 155 0.995479
0.837362 155 0.995517
0.837169 155 0.995519
0.836975 155 0.99552
0.836975 154 0.995524
0.836782 154 0.995525
0.836589 154 0.995663
0.836395 153 0.995668
0.836202 153 0.995674
0.836009 153 0.995694
0.835815 153 0.995704
0.835622 153 0.995719
0.835428 153 0.995755
0.835235 153 0.995767
0.835235 152 0.99578
0.835042 152 0.995782
0.834848 152 0.995793
0.834655 152 0.995798
0.834461 152 0.995911
0.834268 152 0.995933
0.834075 152 0.996024
0.833881 152 0.996093
0.833688 152 0.996149
0.833494 152 0.996177
0.833301 152 0.996185
0.833108 152 0.996187
0.832914 152 0.99622
0.832721 152 0.996229
0.832528 152 0.996235
0.832334 152 0.996277
0.832141 152 0.996336
0.832141 151 0.996348
0.831947 151 0.996354
0.831754 151 0.996366
0.831754 150 0.996376
0.831561 149 0.996436
0.831367 149 0.996445
0.831174 149 0.996451
0.831174 148 0.996455
0.83098 148 0.99648
0.83098 147 0.996517
0.830787 147 0.996527
0.830594 147 0.996554
0.8304 147 0.996562
0.8304 146 0.99661
0.830207 146 0.996613
0.830014 146 0.996623
0.830014 145 0.996677
0.82982 145 0.996682
0.82982 144 0.996734
0.829627 144 0.996744
0.829433 144 0.996807
0.82924 144 0.996832
0.829047 144 0.996846
0.828853 144 0.996892
0.82866 144 0.996902
0.82866 143 0.996906
0.828466 143 0.996908
0.828273 143 0.996996
0.82808 143 0.997
0.827886 143 0.997012
0.827886 142 0.997052
0.827693 142 0.997084
0.8275 142 0.997116
0.8275 141 0.997127
0.827306 141 0.997133
0.827113 141 0.997137
0.826919 141 0.997153
0.826726 141 0.997169
0.826533 141 0.997173
0.826339 141 0.997187
0.826146 141 0.997198
0.825952 141 0.997203
0.825952 140 0.997234
0.825952 139 0.997267
0.825952 138 0.997276
0.825566 138 0.997284
0.825372 138 0.997288
0.825372 137 0.997304
0.825179 137 0.997346
0.824985 137 0.997371
0.824792 137 0.997408
0.824599 137 0.997444
0.824405 137 0.997447
0.824405 136 0.997449
0.824212 136 0.997451
0.823825 136 0.997486
0.823632 136 0.997507
0.823438 136 0.997531
0.823245 136 0.99754
0.823052 136 0.997566
0.822858 136 0.997592
0.822665 136 0.997597
0.822471 136 0.997646
0.822278 136 0.997651
0.821891 136 0.99766
0.821698 136 0.997664
0.821505 136 0.997684
0.821311 136 0.997686
0.820924 136 0.997703
0.820924 135 0.997725
0.820731 134 0.99773
0.820538 134 0.997733
0.820151 134 0.997736
0.819957 134 0.997747
0.819764 134 0.997752
0.819571 134 0.997766
0.819377 134 0.997781
0.819184 134 0.997783
0.818991 134 0.997804
0.818797 134 0.997807
0.818797 133 0.997815
0.818604 133 0.997828
0.81841 133 0.997835
0.818217 133 0.997848
0.818024 133 0.997854
0.81783 133 0.997855
0.817637 133 0.997872
0.817443 133 0.997893
0.81725 133 0.997898
0.817057 133 0.997908
0.816863 133 0.99795
0.81667 133 0.997983
0.816477 133 0.997987
0.816283 133 0.997995
0.816283 132 0.998003
0.81609 132 0.998004
0.815896 132 0.998013
0.815703 132 0.998048
0.81551 132 0.998052
0.815316 132 0.998055
0.815123 132 0.99806
0.814929 132 0.998077
0.814349 132 0.998078
0.814156 132 0.998083
0.813962 132 0.998087
0.813769 132 0.998101
0.813576 132 0.998103
0.813189 132 0.998107
0.812996 132 0.998109
0.812802 132 0.998133
0.812609 132 0.99814
0.812415 132 0.998143
0.812222 132 0.998152
0.812222 131 0.998156
0.812029 131 0.998157
0.811835 131 0.998176
0.811642 131 0.99818
0.811642 130 0.998182
0.811255 130 0.998185
0.811062 130 0.998189
0.810868 130 0.998191
0.810675 130 0.998194
0.810482 130 0.998196
0.810288 130 0.998205
0.810095 130 0.998208
0.810095 129 0.998228
0.809708 129 0.99825
0.809515 129 0.998252
0.809321 129 0.998257
0.809128 129 0.998269
0.808934 129 0.998275
0.808741 129 0.998277
0.808354 129 0.99828
0.808161 129 0.998285
0.808161 128 0.998296
0.807968 128 0.998298
0.807774 128 0.998304
0.807581 128 0.998313
0.807387 128 0.998321
0.807194 128 0.998324
0.807194 127 0.998332
0.807001 127 0.998335
0.806807 127 0.998338
0.806614 127 0.99834
0.80642 127 0.998348
0.806227 127 0.998363
0.806034 127 0.998372
0.80584 127 0.998378
0.805647 127 0.998381
0.805453 127 0.998384
0.80526 127 0.998385
0.805067 127 0.998391
0.804873 127 0.998396
0.804487 127 0.998399
0.804293 127 0.998406
0.8041 127 0.998433
0.803906 127 0.998434
0.803713 127 0.998447
0.803326 128 0.998448
0.803133 128 0.998474
0.802746 128 0.998479
0.802553 128 0.998507
0.802166 128 0.998514
0.801973 128 0.998535
0.801779 128 0.99854
0.801586 128 0.998544
0.801392 128 0.998551
0.801199 128 0.998555
0.801006 128 0.998557
0.800812 128 0.998561
0.800619 128 0.998562
0.800425 128 0.998569
0.800232 128 0.998579
0.800039 128 0.99858
0.799845 128 0.998593
0.799652 128 0.998601
0.799265 128 0.998618
0.799072 128 0.998623
0.799072 127 0.998627
0.799072 126 0.998629
0.798878 126 0.998637
0.798878 125 0.99864
0.798685 125 0.998658
0.798492 125 0.998664
0.798298 125 0.998665
0.798105 125 0.998667
0.797911 125 0.998671
0.797911 124 0.998673
0.797911 123 0.998677
0.797525 123 0.998678
0.797331 123 0.998686
0.797138 123 0.998689
0.796751 123 0.998692
0.796558 123 0.998696
0.796364 122 0.998697
0.796171 122 0.998699
0.795978 122 0.998709
0.795784 122 0.99871
0.795591 122 0.998718
0.795397 122 0.998723
0.795204 122 0.998725
0.795011 122 0.998728
0.794817 122 0.998731
0.794624 122 0.998744
0.79443 122 0.998754
0.794237 122 0.998757
0.794044 122 0.998764
0.793657 122 0.998766
0.793464 122 0.998767
0.79327 122 0.998774
0.793077 122 0.998776
0.792883 122 0.998786
0.79269 122 0.998788
0.792497 122 0.998795
0.792303 122 0.998796
0.79211 122 0.998807
0.791916 122 0.99882
0.791723 122 0.998829
0.791336 121 0.998835
0.791336 120 0.998839
0.791143 120 0.998846
0.79095 120 0.998851
0.790563 120 0.998861
0.790369 120 0.998872
0.790176 120 0.998883
0.790176 119 0.998888
0.789983 119 0.99889
0.789789 119 0.998892
0.789596 119 0.998896
0.789402 119 0.998898
0.789209 119 0.998912
0.789016 119 0.998913
0.788822 119 0.998917
0.788629 119 0.998924
0.788436 119 0.998925
0.788242 119 0.998931
0.788049 119 0.998932
0.787855 118 0.998935
0.787662 118 0.998941
0.787469 118 0.998949
0.787275 118 0.998951
0.787082 118 0.998955
0.786888 118 0.998956
0.786695 118 0.998971
0.786502 118 0.998977
0.786115 118 0.998978
0.785921 118 0.998995
0.785728 118 0.998999
0.785535 118 0.999004
0.785341 118 0.999007
0.785148 118 0.999016
0.784955 118 0.999023
0.784761 118 0.999026
0.784568 118 0.999032
0.784374 118 0.999033
0.784181 118 0.999038
0.783988 118 0.999044
0.783794 118 0.999046
0.783407 118 0.999051
0.783214 118 0.999052
0.783021 118 0.999056
0.782827 118 0.999059
0.782634 118 0.99906
0.782441 118 0.999063
0.782247 118 0.999067
0.782247 117 0.99907
0.782054 117 0.999076
0.78186 117 0.999077
0.781667 117 0.999078
0.781474 117 0.99908
0.78128 117 0.999086
0.781087 117 0.999092
0.780893 117 0.999093
0.780507 117 0.999102
0.780313 117 0.999105
0.78012 117 0.999107
0.779927 117 0.999108
0.779733 117 0.999116
0.77954 117 0.999125
0.779346 117 0.999132
0.77896 117 0.999134
0.778766 117 0.999138
0.778766 116 0.999145
0.778573 116 0.999159
0.778379 116 0.99916
0.778186 116 0.999161
0.777993 116 0.999162
0.777799 115 0.999167
0.777412 115 0.999168
0.777026 115 0.999169
0.776832 115 0.999172
0.776639 115 0.999174
0.776639 114 0.999175
0.776446 114 0.999181
0.776252 114 0.999183
0.776059 114 0.999188
0.776059 113 0.99919
0.775672 113 0.999196
0.775479 113 0.999198
0.775285 113 0.999203
0.775092 113 0.999205
0.774898 113 0.99922
0.774705 113 0.999223
0.774512 113 0.999224
0.774318 113 0.999225
0.774125 113 0.999226
0.773932 113 0.999233
0.773738 113 0.999234
0.773545 113 0.999238
0.773351 113 0.999242
0.773351 112 0.999243
0.772965 112 0.999247
0.772965 111 0.999249
0.772771 111 0.999254
0.772578 111 0.999256
0.772384 111 0.999258
0.772384 110 0.999261
0.772191 110 0.99927
0.771998 110 0.999272
0.771804 110 0.999277
0.771611 110 0.999279
0.771418 110 0.99928
0.771224 110 0.999282
0.771031 110 0.999285
0.770837 110 0.999288
0.770644 110 0.999289
0.770644 109 0.99929
0.770451 109 0.999291
0.770257 109 0.999295
0.770064 109 0.999297
0.769677 109 0.999299
0.769484 109 0.9993
0.76929 109 0.999302
0.769097 109 0.999314
0.768904 109 0.999315
0.76871 109 0.999316
0.768517 109 0.999317
0.768323 109 0.999321
0.767937 109 0.999322
0.767743 109 0.999326
0.76755 109 0.999332
0.76697 109 0.999335
0.766776 109 0.99934
0.766583 109 0.999342
0.766389 109 0.999346
0.766196 109 0.999347
0.766003 109 0.999356
0.765616 109 0.999357
0.765423 109 0.99936
0.765229 109 0.999361
0.764649 109 0.999363
0.764456 109 0.999364
0.764262 109 0.999365
0.763875 109 0.999367
0.763682 109 0.999374
0.763682 108 0.999377
0.763489 108 0.999382
0.763295 108 0.999384
0.762909 108 0.999391
0.762715 108 0.999392
0.762522 108 0.999395
0.762328 108 0.999396
0.762135 108 0.999397
0.761942 108 0.999398
0.761748 108 0.9994
0.761555 108 0.999402
0.761361 108 0.999404
0.761168 108 0.999405
0.760781 108 0.999407
0.760395 108 0.999408
0.760201 108 0.999409
0.760008 108 0.99941
0.759621 108 0.999411
0.759428 108 0.999413
0.759234 108 0.999415
0.759041 108 0.999419
0.758654 108 0.99942
0.758461 108 0.999421
0.758267 108 0.999422
0.75788 108 0.999424
0.757687 108 0.999427
0.7573 108 0.99943
0.756914 108 0.999432
0.75672 108 0.999434
0.756333 108 0.999435
0.75614 108 0.999436
0.755947 108 0.999442
0.755753 108 0.999443
0.75556 108 0.999446
0.755366 108 0.999451
0.755173 108 0.999454
0.75498 108 0.999456
0.754786 108 0.999457
0.754593 108 0.999459
0.7544 108 0.999462
0.754013 108 0.999464
0.753819 108 0.999472
0.753626 108 0.999473
0.753433 108 0.999474
0.753239 107 0.999476
0.752852 107 0.999477
0.752659 107 0.999479
0.752466 107 0.999482
0.752272 107 0.999483
0.752079 107 0.999484
0.751886 107 0.999486
0.751499 107 0.999487
0.751305 107 0.999489
0.751305 106 0.999491
0.751112 106 0.999492
0.750919 106 0.999493
0.750725 106 0.999494
0.750532 106 0.999496
0.750145 105 0.999498
0.749952 104 0.999499
0.749758 104 0.999501
0.749565 104 0.999503
0.749371 104 0.999504
0.748985 104 0.999505
0.748598 103 0.999506
0.748211 103 0.999508
0.748018 102 0.99951
0.747824 102 0.999511
0.747438 101 0.999512
0.747244 101 0.999515
0.747051 101 0.999517
0.746857 101 0.999519
0.746471 101 0.999521
0.746084 101 0.999524
0.745697 101 0.999525
0.745504 101 0.999526
0.745504 100 0.99953
0.74531 100 0.999533
0.745117 100 0.999534
0.74473 100 0.999536
0.744343 99 0.999537
0.74415 99 0.999541
0.743957 99 0.999545
0.74357 98 0.999546
0.743377 98 0.999547
0.743183 98 0.999548
0.74299 98 0.999549
0.742796 98 0.99955
0.74241 98 0.999552
0.742216 97 0.999555
0.742023 97 0.999558
0.741636 97 0.99956
0.741249 97 0.999564
0.740863 97 0.999566
0.740669 97 0.999567
0.740282 97 0.999572
0.740282 96 0.999574
0.739896 96 0.999575
0.739702 96 0.99958
0.739509 96 0.999581
0.739509 95 0.999582
0.739315 95 0.999583
0.739122 95 0.999584
0.738929 95 0.999585
0.738542 95 0.999588
0.738348 95 0.999589
0.738155 95 0.99959
0.737962 95 0.999593
0.737575 95 0.999595
0.737382 95 0.999598
0.737188 95 0.999599
0.736801 95 0.999604
0.736608 95 0.999606
0.736415 95 0.999607
0.736221 95 0.999608
0.736028 95 0.99961
0.735254 95 0.999612
0.735061 95 0.999613
0.734481 95 0.999614
0.734094 95 0.999616
0.733901 95 0.999617
0.73332 95 0.99962
0.733127 95 0.999622
0.732934 95 0.999624
0.73274 95 0.999625
0.732547 95 0.999626
0.73216 95 0.999627
0.73158 95 0.999628
0.731193 95 0.999629
0.730806 95 0.999631
0.73042 95 0.999634
0.730226 94 0.999635
0.730033 94 0.999636
0.729839 94 0.999637
0.729646 94 0.999638
0.729259 94 0.999639
0.728679 94 0.99964
0.728486 94 0.999642
0.727906 94 0.999644
0.727519 94 0.999645
0.727132 93 0.999647
0.727132 92 0.999648
0.726939 92 0.999649
0.726745 91 0.99965
0.726552 91 0.999651
0.726359 91 0.999652
0.725972 91 0.999653
0.725778 91 0.999654
0.725392 91 0.999657
0.725005 91 0.999658
0.724811 91 0.99966
0.724425 91 0.999661
0.724038 91 0.999663
0.723845 91 0.999664
0.723651 91 0.999665
0.723071 90 0.999666
0.722684 90 0.999667
0.722297 89 0.999668
0.721911 89 0.999671
0.721717 89 0.999672
0.721524 89 0.999673
0.72133 89 0.999676
0.720944 89 0.999677
0.720364 89 0.99968
0.72017 89 0.999681
0.719977 89 0.999682
0.71959 89 0.999683
0.719397 89 0.999685
0.718816 89 0.999686
0.718623 89 0.999687
0.718236 89 0.999688
0.71785 89 0.99969
0.717656 88 0.999693
0.717463 88 0.999694
0.717269 88 0.999695
0.717076 88 0.999698
0.716689 88 0.999699
0.716109 87 0.9997
0.715916 87 0.999703
0.715722 87 0.999704
0.715529 87 0.999707
0.715336 87 0.999708
0.715142 87 0.999709
0.714562 87 0.99971
0.714175 87 0.999712
0.713788 87 0.999713
0.713595 87 0.999714
0.713402 87 0.999715
0.712822 87 0.999716
0.712048 87 0.999717
0.711661 87 0.999718
0.711274 86 0.999719
0.711081 86 0.999721
0.710694 86 0.999722
0.710307 86 0.999724
0.710114 86 0.999726
0.709534 86 0.99973
0.709147 86 0.999731
0.70876 86 0.999732
0.708567 86 0.999733
0.708374 86 0.999734
0.70818 86 0.999735
0.707987 86 0.999736
0.7076 86 0.999737
0.70702 85 0.999738
0.706246 85 0.999739
0.705279 85 0.99974
0.705086 85 0.999741
0.704893 85 0.999742
0.704699 85 0.999743
0.704119 85 0.999745
0.703732 84 0.999746
0.703539 84 0.999747
0.702765 84 0.999748
0.702572 84 0.999749
0.702185 84 0.99975
0.701992 84 0.999751
0.701798 84 0.999754
0.701412 84 0.999755
0.701218 84 0.999756
0.700832 83 0.999757
0.700251 83 0.999758
0.700058 83 0.999759
0.699865 83 0.99976
0.699671 83 0.999761
0.699091 83 0.999762
0.698704 83 0.999764
0.698124 81 0.999766
0.697544 81 0.999768
0.697351 81 0.99977
0.696384 81 0.999772
0.69619 81 0.999773
0.695804 80 0.999774
0.69561 80 0.999775
0.695417 80 0.999776
0.69503 80 0.999777
0.694643 80 0.999778
0.69445 80 0.999779
0.694256 80 0.99978
0.69387 80 0.999781
0.693676 80 0.999782
0.692709 80 0.999783
0.692323 80 0.999784
0.692129 80 0.999786
0.691742 80 0.999787
0.691356 80 0.999788
0.690389 80 0.99979
0.690195 79 0.999791
0.689809 79 0.999792
0.689422 79 0.999793
0.689035 79 0.999794
0.688842 79 0.999795
0.688648 79 0.999796
0.688068 79 0.999797
0.687295 79 0.999798
0.686521 79 0.999799
0.686328 79 0.9998
0.685747 79 0.999801
0.685554 78 0.999802
0.685361 78 0.999803
0.684781 77 0.999804
0.684587 77 0.999805
0.684394 77 0.999806
0.683814 77 0.999807
0.683427 77 0.999808
0.68304 77 0.999809
0.682847 77 0.99981
0.682653 77 0.999811
0.682073 76 0.999812
0.681106 76 0.999813
0.680526 76 0.999814
0.679752 76 0.999815
0.679559 76 0.999817
0.678399 76 0.999818
0.678012 76 0.999819
0.677625 76 0.999821
0.677045 76 0.999822
0.676465 76 0.999823
0.675885 76 0.999825
0.675691 76 0.999827
0.674918 76 0.999828
0.674531 76 0.999829
0.674144 76 0.99983
0.673951 76 0.999831
0.672984 76 0.999832
0.672404 76 0.999833
0.671437 76 0.999834
0.670857 76 0.999835
0.67047 76 0.999836
0.670277 76 0.999837
0.669503 76 0.999838
0.668923 76 0.999839
0.667763 76 0.99984
0.667182 76 0.999841
0.666409 76 0.999842
0.665635 76 0.999843
0.665442 76 0.999844
0.664668 76 0.999845
0.664475 76 0.999846
0.664088 76 0.999847
0.663315 76 0.999848
0.662734 76 0.999849
0.662348 76 0.99985
0.661768 76 0.999851
0.660414 75 0.999852
0.659447 75 0.999853
0.65906 75 0.999854
0.658867 75 0.999855
0.658287 75 0.999856
0.65732 75 0.999857
0.65674 75 0.999858
0.655966 75 0.999859
0.654612 75 0.99986
0.654419 75 0.999861
0.653645 75 0.999862
0.653065 75 0.999863
0.652872 75 0.999864
0.651905 75 0.999865
0.651711 75 0.999866
0.650938 75 0.999867
0.650358 75 0.999868
0.649391 75 0.999869
0.648811 74 0.99987
0.647844 74 0.999871
0.647457 74 0.999872
0.646877 74 0.999873
0.646297 74 0.999874
0.64533 74 0.999875
0.644169 74 0.999876
0.643396 74 0.999877
0.642816 74 0.999878
0.641849 74 0.999879
0.641075 74 0.99988
0.640495 74 0.999881
0.640302 74 0.999882
0.639528 73 0.999883
0.638174 73 0.999884
0.636241 73 0.999885
0.635467 73 0.999886
0.6345 73 0.999887
0.632953 73 0.999888
0.63276 73 0.999889
0.631213 73 0.99989
0.630246 73 0.999891
0.629279 73 0.999892
0.628892 73 0.999893
0.628118 72 0.999894
0.627345 72 0.999895
0.625798 70 0.999896
0.624444 70 0.999897
0.62309 70 0.999898
0.62251 69 0.9999
0.621737 69 0.999901
0.620576 69 0.999902
0.619029 68 0.999903
0.618642 68 0.999904
0.618062 68 0.999905
0.616709 67 0.999906
0.615742 67 0.999907
0.614388 67 0.999908
0.613808 66 0.999909
0.612261 66 0.99991
0.610714 65 0.999911
0.609747 64 0.999912
0.609167 64 0.999913
0.6082 64 0.999914
0.607619 64 0.999915
0.607426 64 0.999916
0.606846 63 0.999917
0.605686 63 0.999918
0.605105 63 0.999919
0.603172 63 0.99992
0.602398 63 0.999921
0.601238 63 0.999922
0.599691 63 0.999923
0.598143 63 0.999924
0.597563 62 0.999925
0.595049 60 0.999926
0.593309 60 0.999927
0.591762 60 0.999928
0.589248 60 0.999929
0.588087 60 0.99993
0.587314 60 0.999931
0.584606 60 0.999932
0.582866 60 0.999933
0.582286 60 0.999934
0.580545 60 0.999935
0.577451 60 0.999936
0.576484 60 0.999937
0.575131 60 0.999938
0.573003 60 0.999939
0.570876 59 0.99994
0.568362 58 0.999941
0.566041 58 0.999942
0.564494 58 0.999943
0.562367 58 0.999944
0.56024 58 0.999945
0.559273 58 0.999946
0.556759 58 0.999947
0.554438 58 0.999948
0.552118 58 0.999949
0.549217 58 0.99995
0.546896 58 0.999951
0.542448 58 0.999952
0.539934 58 0.999953
0.537614 58 0.999954
0.535293 57 0.999955
0.532586 57 0.999956
0.529491 57 0.999957
0.526977 57 0.999958
0.525237 57 0.999959
0.521756 57 0.99996
0.519049 57 0.999961
0.515761 57 0.999962
0.512667 57 0.999963
0.509766 57 0.999964
0.506865 57 0.999965
0.504351 56 0.999966
0.50087 56 0.999967
0.497003 55 0.999968
0.494102 54 0.999969
0.490041 52 0.99997
0.485786 52 0.999971
0.482305 51 0.999972
0.478437 51 0.999973
0.474956 51 0.999974
0.468768 50 0.999975
0.46432 50 0.999976
0.459292 50 0.999977
0.452717 47 0.999978
0.447302 46 0.999979
0.441501 46 0.99998
0.434345 46 0.999981
0.42719 44 0.999982
0.419455 43 0.999983
0.412493 42 0.999984
0.405531 42 0.999985
0.399149 40 0.999986
0.39064 40 0.999987
0.380391 38 0.999988
0.373235 38 0.999989
0.362406 37 0.99999
0.350222 36 0.999991
0.339393 36 0.999992
0.326243 35 0.999993
0.311352 33 0.999994
0.293367 32 0.999995
0.270741 30 0.999996
0.247341 28 0.999997
0.216012 23 0.999998
0.172694 19 0.999999
0.100561 16 1
0 0 1e+020
0 0 1e+020
0 0 1.79769e+308
