0.828466 44 0.952728
0.828273 44 0.95319
0.82808 44 0.953489
0.827886 44 0.953899
0.827693 44 0.954783
0.827693 43 0.956003
0.8275 43 0.956252
0.827306 43 0.956458
0.827306 42 0.956899
0.827306 41 0.958248
0.827306 40 0.9594
0.827113 40 0.959806
0.826919 40 0.95995
0.826726 40 0.960687
0.826533 40 0.961338
0.826339 40 0.961574
0.826146 40 0.961806
0.825952 40 0.961919
0.825759 40 0.961998
0.825566 40 0.962561
0.825372 40 0.962933
0.825372 39 0.963324
0.825372 38 0.963555
0.825372 37 0.963601
0.825179 37 0.965219
0.824985 37 0.96582
0.824792 37 0.966356
0.824599 37 0.966374
0.824405 37 0.96657
0.824212 37 0.967513
0.824212 36 0.967612
0.824019 36 0.96784
0.823825 36 0.967877
0.823632 36 0.968001
0.823438 36 0.969751
0.823245 36 0.970226
0.823052 36 0.970643
0.822858 36 0.97093
0.822665 36 0.971094
0.822471 36 0.971151
0.822278 36 0.972287
0.822085 36 0.972505
0.821891 36 0.972784
0.821698 36 0.974142
0.821505 36 0.974398
0.821311 36 0.97445
0.821118 36 0.974803
0.820924 36 0.974842
0.820731 36 0.974901
0.820538 36 0.974991
0.820344 36 0.975726
0.820151 36 0.976334
0.819957 36 0.976458
0.819957 35 0.97646
0.819764 35 0.976565
0.819764 34 0.977021
0.819571 34 0.97716
0.819377 34 0.977206
0.819184 34 0.977364
0.819184 33 0.978198
0.818991 33 0.9782
0.818797 33 0.97853
0.818604 33 0.979254
0.81841 33 0.97946
0.818217 33 0.97957
0.818217 32 0.979794
0.818024 32 0.979852
0.81783 32 0.980094
0.817637 32 0.980523
0.817443 32 0.980546
0.81725 32 0.980736
0.81725 31 0.980756
0.81725 30 0.98078
0.817057 30 0.980851
0.816863 30 0.98129
0.81667 30 0.981526
0.816477 30 0.982059
0.816283 30 0.982159
0.81609 30 0.982417
0.815896 30 0.982505
0.815703 30 0.982587
0.81551 30 0.982733
0.815316 30 0.982847
0.815123 30 0.983102
0.814929 30 0.983272
0.814929 29 0.983361
0.814929 28 0.983391
0.814736 28 0.983855
0.814543 28 0.983878
0.814349 28 0.983942
0.814156 28 0.984189
0.813962 28 0.984276
0.813769 28 0.984352
0.813576 28 0.98473
0.813382 28 0.984837
0.813189 28 0.984947
0.813189 27 0.985039
0.812996 27 0.985389
0.812996 26 0.985409
0.812802 26 0.985423
0.812609 26 0.985511
0.812415 26 0.985543
0.812222 26 0.985726
0.812029 26 0.985924
0.812029 25 0.985958
0.811835 25 0.986269
0.811642 25 0.986384
0.811448 25 0.986496
0.811255 25 0.986577
0.811255 24 0.986813
0.811062 24 0.986979
0.811062 23 0.987006
0.810868 23 0.98701
0.810675 23 0.987051
0.810675 22 0.987099
0.810482 22 0.987466
0.810288 22 0.987529
0.810095 22 0.987632
0.809901 22 0.987701
0.809708 22 0.987736
0.809515 22 0.987787
0.809321 22 0.988124
0.809128 22 0.988126
0.808934 22 0.988284
0.808741 22 0.988513
0.808548 22 0.988768
0.808354 22 0.988857
0.808161 22 0.988863
0.807968 22 0.989197
0.807774 22 0.989462
0.807581 22 0.989666
0.807387 22 0.989806
0.807194 22 0.989831
0.807001 22 0.989868
0.806807 22 0.990124
0.806614 22 0.990161
0.80642 22 0.99032
0.806227 22 0.990353
0.806034 22 0.990438
0.80584 22 0.990556
0.805647 22 0.990652
0.805453 22 0.990951
0.80526 22 0.991173
0.805067 22 0.991219
0.804873 22 0.991255
0.80468 22 0.991295
0.80468 21 0.991297
0.804487 21 0.991442
0.804293 21 0.991569
0.8041 21 0.991871
0.803906 21 0.992037
0.803713 21 0.992224
0.80352 21 0.99224
0.803326 21 0.992386
0.803133 21 0.99256
0.802939 21 0.992735
0.802746 21 0.992875
0.802553 21 0.99292
0.802359 21 0.992963
0.802166 21 0.992987
0.801973 21 0.993029
0.801779 21 0.993031
0.801586 21 0.993049
0.801392 21 0.993081
0.801199 21 0.993212
0.801006 21 0.993235
0.800812 21 0.993248
0.800619 21 0.993261
0.800425 21 0.993287
0.800232 21 0.993357
0.800039 21 0.993633
0.799845 21 0.993639
0.799652 21 0.993704
0.799459 21 0.993762
0.799265 21 0.993789
0.799072 21 0.993822
0.798878 21 0.994014
0.798685 21 0.994037
0.798492 21 0.9941
0.798298 21 0.994304
0.798105 21 0.99432
0.797911 21 0.994474
0.797718 21 0.994529
0.797525 21 0.994554
0.797331 21 0.994567
0.797138 21 0.99469
0.796944 21 0.994757
0.796751 21 0.994919
0.796558 21 0.994957
0.796364 21 0.995029
0.796171 21 0.995151
0.795978 21 0.995199
0.795978 20 0.995213
0.795784 20 0.995225
0.795591 20 0.99523
0.795397 20 0.995231
0.795204 20 0.995298
0.795011 20 0.995309
0.794817 20 0.995345
0.794624 20 0.995395
0.79443 20 0.995407
0.794237 20 0.995442
0.794044 20 0.9955
0.79385 20 0.995522
0.793657 20 0.995568
0.793657 19 0.995593
0.793657 18 0.995647
0.793464 18 0.995663
0.79327 18 0.995684
0.793077 18 0.995723
0.792883 18 0.995735
0.79269 18 0.995763
0.792497 18 0.995773
0.792303 18 0.99579
0.79211 18 0.995798
0.79211 17 0.995825
0.791916 17 0.995915
0.791723 17 0.995955
0.79153 17 0.99599
0.791336 17 0.995991
0.791143 17 0.995996
0.79095 17 0.996008
0.790756 17 0.996013
0.790563 17 0.996027
0.790369 17 0.996034
0.790176 17 0.996055
0.789983 17 0.996058
0.789789 17 0.996141
0.789596 17 0.996169
0.789402 17 0.996257
0.789209 17 0.996301
0.789016 17 0.996302
0.788822 17 0.996323
0.788629 17 0.996336
0.788436 17 0.996342
0.788242 17 0.996416
0.788049 17 0.996421
0.787855 17 0.996425
0.787469 17 0.996473
0.787275 17 0.996475
0.787082 17 0.996499
0.786888 17 0.996526
0.786695 17 0.996556
0.786502 17 0.996563
0.786308 17 0.99661
0.786115 17 0.996636
0.785921 17 0.996657
0.785728 17 0.996676
0.785535 17 0.996698
0.785341 17 0.996713
0.785148 17 0.996826
0.785148 16 0.996855
0.784955 16 0.996864
0.784955 15 0.996883
0.784761 15 0.996888
0.784374 15 0.996915
0.784181 15 0.996921
0.783988 15 0.99696
0.783794 15 0.996966
0.783601 15 0.996989
0.783407 15 0.997014
0.783214 15 0.997048
0.783021 15 0.997097
0.782827 15 0.997185
0.782634 15 0.997206
0.782441 15 0.997241
0.782441 14 0.997246
0.782441 13 0.997303
0.782247 13 0.997314
0.782054 13 0.997334
0.78186 13 0.997341
0.781667 13 0.997354
0.781474 13 0.997378
0.78128 13 0.997385
0.781087 13 0.997421
0.780893 13 0.997425
0.7807 13 0.997452
0.780507 13 0.997462
0.780313 13 0.997477
0.78012 13 0.997504
0.779927 13 0.997509
0.779733 13 0.997511
0.77954 13 0.997564
0.779346 13 0.997571
0.779153 13 0.997598
0.77896 13 0.997603
0.778766 13 0.997606
0.778573 13 0.99762
0.778573 12 0.997623
0.778379 12 0.997625
0.778186 12 0.997627
0.777993 12 0.997633
0.777799 12 0.997663
0.777799 11 0.997664
0.777606 11 0.997666
0.777412 11 0.99771
0.777219 11 0.997717
0.777026 11 0.99773
0.776832 11 0.997743
0.776639 11 0.997762
0.776446 11 0.997764
0.776252 11 0.997766
0.776059 11 0.997783
0.775865 11 0.997786
0.775672 11 0.997797
0.775479 11 0.997841
0.775285 11 0.997845
0.775092 11 0.997847
0.774898 11 0.997897
0.774512 11 0.997913
0.774318 11 0.997922
0.774125 11 0.997943
0.773932 11 0.99796
0.773738 11 0.997964
0.773545 11 0.997977
0.773351 11 0.997995
0.773158 11 0.997997
0.772965 11 0.998017
0.772771 11 0.998026
0.772578 11 0.998034
0.772384 11 0.998041
0.772191 11 0.998051
0.771998 11 0.998052
0.771804 11 0.998065
0.771611 11 0.998071
0.771418 11 0.998077
0.771224 11 0.99808
0.771031 11 0.998083
0.770837 11 0.998105
0.770644 11 0.998107
0.770451 11 0.998122
0.770451 10 0.998131
0.770257 10 0.998143
0.770064 10 0.99815
0.76987 10 0.998152
0.769677 10 0.998162
0.769484 10 0.998179
0.76929 10 0.998181
0.769097 10 0.998185
0.768904 10 0.998209
0.76871 10 0.998227
0.768517 10 0.998235
0.768323 10 0.99825
0.76813 10 0.998262
0.767937 10 0.998269
0.767743 10 0.998271
0.76755 10 0.998285
0.767356 10 0.998289
0.767163 10 0.998309
0.76697 10 0.998326
0.766776 10 0.998336
0.766583 10 0.99834
0.766389 10 0.998346
0.766196 10 0.998354
0.766003 10 0.99837
0.765809 10 0.998377
0.765616 10 0.998378
0.765423 10 0.998389
0.765229 10 0.998394
0.765036 10 0.998412
0.764649 10 0.998423
0.764262 10 0.998425
0.764069 10 0.998432
0.763875 10 0.998438
0.763682 10 0.998449
0.763489 10 0.998452
0.763295 10 0.998486
0.763102 10 0.998498
0.762909 10 0.998499
0.762715 10 0.99851
0.762522 10 0.998512
0.762328 10 0.998517
0.762135 10 0.998527
0.761942 10 0.99854
0.761748 10 0.998543
0.761555 10 0.998549
0.761361 10 0.998552
0.761168 10 0.998556
0.760975 10 0.998559
0.760781 10 0.998563
0.760588 10 0.998567
0.760395 10 0.99857
0.760201 10 0.998572
0.760008 10 0.998573
0.759814 10 0.998577
0.759621 10 0.998599
0.759234 10 0.998607
0.759041 10 0.998608
0.758847 10 0.998633
0.758654 10 0.998636
0.758461 10 0.998668
0.758267 10 0.998691
0.758074 10 0.998693
0.75788 10 0.998697
0.757687 10 0.9987
0.757494 10 0.998701
0.7573 10 0.998702
0.757107 10 0.998706
0.756914 10 0.99871
0.75672 10 0.998728
0.756527 10 0.998739
0.756333 10 0.998747
0.75614 10 0.998756
0.755947 10 0.99876
0.755753 10 0.998762
0.75556 10 0.998771
0.755366 10 0.998772
0.755173 10 0.998773
0.75498 10 0.998774
0.754786 10 0.998781
0.754593 10 0.998784
0.7544 10 0.998796
0.754206 10 0.998797
0.754013 10 0.998799
0.753819 10 0.998804
0.753626 10 0.998808
0.753433 10 0.998809
0.753239 10 0.998818
0.753046 10 0.99883
0.752852 10 0.99884
0.752466 10 0.998842
0.752466 9 0.998843
0.752079 9 0.998847
0.751692 9 0.998864
0.751499 9 0.998868
0.751112 9 0.998878
0.750919 9 0.998889
0.750532 9 0.998919
0.750338 9 0.998921
0.750145 9 0.998924
0.749952 9 0.998927
0.749758 9 0.998931
0.749565 9 0.998935
0.749371 9 0.998936
0.749178 9 0.998939
0.748791 9 0.998941
0.748598 9 0.998943
0.748405 9 0.998957
0.748211 9 0.998979
0.748018 9 0.99898
0.747824 9 0.998985
0.747631 9 0.998988
0.747438 9 0.998989
0.747244 9 0.998994
0.747051 9 0.998997
0.746857 9 0.999003
0.746664 9 0.999004
0.746471 9 0.999009
0.746277 9 0.999011
0.746084 9 0.999016
0.745891 9 0.999018
0.745504 9 0.999019
0.74531 9 0.99902
0.745117 9 0.999026
0.744924 9 0.999029
0.744343 9 0.999031
0.74415 9 0.999032
0.743957 9 0.999035
0.743763 9 0.999036
0.74357 9 0.999037
0.743377 9 0.999045
0.743377 8 0.999046
0.743183 8 0.999049
0.74299 8 0.999052
0.742603 8 0.999054
0.74241 8 0.999065
0.742216 8 0.99907
0.742023 8 0.999076
0.741829 8 0.999087
0.741249 8 0.999088
0.741056 8 0.999093
0.740863 8 0.999096
0.740669 8 0.999097
0.740476 8 0.9991
0.740089 8 0.999103
0.739509 8 0.999106
0.739122 8 0.999108
0.738929 8 0.999109
0.738735 8 0.999114
0.738542 8 0.999115
0.738348 8 0.999117
0.738155 8 0.999118
0.737962 8 0.999123
0.737768 8 0.999124
0.737575 8 0.99913
0.737382 8 0.999134
0.737188 8 0.999135
0.736995 8 0.999137
0.736801 8 0.99914
0.736608 8 0.999141
0.736415 8 0.999143
0.736221 8 0.999151
0.736028 8 0.999155
0.735641 8 0.999158
0.735254 8 0.999159
0.735061 8 0.99916
0.734868 8 0.999164
0.734481 8 0.99917
0.734094 8 0.999176
0.733901 8 0.999178
0.733707 8 0.999181
0.733514 8 0.999182
0.73332 8 0.999184
0.733127 8 0.999185
0.73274 8 0.999186
0.732547 8 0.999189
0.732354 8 0.99919
0.73216 8 0.999193
0.731967 8 0.999198
0.731773 8 0.999199
0.73158 8 0.999204
0.731387 8 0.999208
0.731193 8 0.999212
0.730806 8 0.999215
0.730613 8 0.999218
0.73042 8 0.999219
0.730033 8 0.99922
0.729839 8 0.999221
0.729646 8 0.999222
0.729453 8 0.999236
0.729259 8 0.99924
0.728873 8 0.999241
0.728679 8 0.999243
0.728486 8 0.999248
0.728292 8 0.99925
0.728099 8 0.999255
0.727906 8 0.999257
0.727712 8 0.999259
0.727519 8 0.999267
0.727325 8 0.999269
0.727132 8 0.999277
0.726939 8 0.999278
0.726552 8 0.999283
0.726359 8 0.999284
0.726165 8 0.999289
0.725972 8 0.999293
0.725778 8 0.999294
0.725585 8 0.999295
0.725198 8 0.999296
0.725005 8 0.999302
0.724811 8 0.999304
0.724618 8 0.999305
0.724425 8 0.999307
0.724425 7 0.999309
0.724038 7 0.999317
0.723845 7 0.99932
0.723651 7 0.999326
0.723458 7 0.999329
0.723264 7 0.999331
0.723071 7 0.999336
0.722878 7 0.999339
0.722491 7 0.99934
0.722297 7 0.999345
0.721911 7 0.999347
0.721717 7 0.999351
0.721524 7 0.999353
0.721137 7 0.999356
0.720944 7 0.999357
0.72075 7 0.99936
0.720557 7 0.999367
0.72017 7 0.999372
0.719977 7 0.999374
0.719783 7 0.999376
0.71959 7 0.999378
0.719203 7 0.999381
0.71901 7 0.999382
0.718816 7 0.999383
0.718623 7 0.999385
0.71843 7 0.999386
0.718236 7 0.999387
0.718043 7 0.999389
0.717656 7 0.99939
0.717463 7 0.999393
0.717076 7 0.999398
0.716883 7 0.999399
0.716496 7 0.999404
0.716302 7 0.999405
0.716109 7 0.999406
0.715916 7 0.999408
0.715722 7 0.999409
0.715529 7 0.99941
0.715336 7 0.999412
0.715142 7 0.999413
0.714949 7 0.999414
0.714949 6 0.999416
0.714755 6 0.999418
0.714562 6 0.99942
0.714369 6 0.999422
0.713982 6 0.999428
0.713788 6 0.999429
0.713595 6 0.99943
0.713208 6 0.999434
0.713015 6 0.999435
0.712822 6 0.999438
0.712628 6 0.999442
0.712435 6 0.999443
0.712241 6 0.999444
0.712048 6 0.999445
0.711855 6 0.999446
0.711661 6 0.999447
0.711468 6 0.999449
0.711081 6 0.999451
0.711081 5 0.999453
0.710888 5 0.999454
0.710694 5 0.999455
0.710501 5 0.999457
0.710307 5 0.999459
0.710114 5 0.99946
0.709921 5 0.999461
0.709727 5 0.999463
0.709534 5 0.999469
0.709341 5 0.999472
0.709147 5 0.999474
0.708954 5 0.999476
0.70876 5 0.999478
0.708567 5 0.999479
0.708374 5 0.999482
0.70818 5 0.999483
0.707987 5 0.999485
0.7076 5 0.999488
0.707407 5 0.99949
0.706827 5 0.999491
0.706633 5 0.999493
0.706053 5 0.999495
0.705666 5 0.999496
0.705473 5 0.999497
0.705279 5 0.999498
0.705086 5 0.999499
0.704893 5 0.999501
0.704699 5 0.999506
0.704506 5 0.999507
0.704313 5 0.999509
0.704119 5 0.99951
0.703539 5 0.999511
0.703346 5 0.999513
0.703152 5 0.999515
0.702765 5 0.999516
0.702572 5 0.999518
0.702379 5 0.999522
0.701992 5 0.999524
0.701605 5 0.999525
0.701218 5 0.999526
0.701025 5 0.999528
0.700832 5 0.999529
0.700445 5 0.99953
0.700251 5 0.999533
0.700058 5 0.999534
0.699671 5 0.999538
0.699478 5 0.999539
0.699284 5 0.999541
0.699091 5 0.999542
0.698898 5 0.999544
0.698704 5 0.999546
0.698511 5 0.999547
0.698124 5 0.999551
0.697931 5 0.999552
0.697737 5 0.999553
0.697544 5 0.999554
0.697157 5 0.999555
0.696577 5 0.999559
0.696384 5 0.999562
0.69619 5 0.999563
0.695997 5 0.999566
0.695417 5 0.999567
0.695223 5 0.999568
0.69503 5 0.999569
0.694837 5 0.99957
0.69445 5 0.999572
0.694256 5 0.999573
0.694063 5 0.999574
0.69387 5 0.999576
0.693676 5 0.999577
0.693483 5 0.999578
0.693096 5 0.999582
0.692903 5 0.999583
0.692709 5 0.999584
0.692516 5 0.999585
0.692323 5 0.999587
0.691936 5 0.999588
0.691549 5 0.999591
0.691356 5 0.999593
0.690775 5 0.999594
0.690389 5 0.999596
0.690002 5 0.999597
0.689809 5 0.999598
0.689615 5 0.999599
0.689422 5 0.999601
0.689228 5 0.999602
0.689035 5 0.999603
0.688842 5 0.999606
0.688455 5 0.999607
0.688261 5 0.99961
0.688068 5 0.999611
0.687875 5 0.999613
0.687681 5 0.999614
0.687488 5 0.999615
0.686908 5 0.999616
0.686521 5 0.999617
0.686328 5 0.999619
0.686134 5 0.99962
0.685941 5 0.999621
0.685747 5 0.999622
0.685554 5 0.999623
0.685361 5 0.999624
0.685167 5 0.999625
0.684974 5 0.999626
0.684394 5 0.999627
0.6842 5 0.999628
0.68362 5 0.999629
0.683233 5 0.99963
0.682653 5 0.999631
0.682266 5 0.999633
0.682073 5 0.999634
0.68188 5 0.999636
0.681493 5 0.999637
0.6813 5 0.999639
0.681106 5 0.999641
0.680913 5 0.999642
0.680719 5 0.999643
0.680526 5 0.999644
0.679946 5 0.999645
0.679559 5 0.999646
0.679172 5 0.99965
0.678399 5 0.999651
0.678012 5 0.999652
0.677819 5 0.999653
0.677432 5 0.999654
0.677238 5 0.999655
0.677045 5 0.999657
0.676852 5 0.999658
0.676658 5 0.99966
0.676272 5 0.999661
0.675885 5 0.999663
0.675691 5 0.999664
0.675498 5 0.999665
0.675111 5 0.999666
0.674531 5 0.999667
0.673951 5 0.999668
0.673564 5 0.999669
0.673177 5 0.99967
0.672791 5 0.999671
0.672597 5 0.999672
0.672017 5 0.999673
0.671824 5 0.999674
0.67163 5 0.999675
0.67105 5 0.999676
0.670857 5 0.999677
0.67047 5 0.999679
0.670277 5 0.99968
0.670083 5 0.999681
0.66989 5 0.999682
0.668923 5 0.999688
0.668149 5 0.99969
0.667569 5 0.999691
0.667182 5 0.999692
0.666215 5 0.999695
0.665442 5 0.999696
0.665055 5 0.999697
0.664475 5 0.999698
0.664282 5 0.999699
0.664088 5 0.9997
0.663315 5 0.999703
0.662734 5 0.999704
0.662541 5 0.999705
0.662348 5 0.999706
0.662154 5 0.999707
0.661381 5 0.999708
0.660801 5 0.999709
0.660607 5 0.99971
0.660027 5 0.999711
0.65964 5 0.999712
0.659254 5 0.999713
0.65906 5 0.999714
0.658673 5 0.999715
0.65848 5 0.999717
0.658093 5 0.999718
0.6579 5 0.999719
0.657706 5 0.99972
0.65732 5 0.999721
0.657126 5 0.999722
0.656546 5 0.999723
0.656353 5 0.999724
0.656159 5 0.999725
0.655773 5 0.999726
0.655192 5 0.999727
0.654999 5 0.999728
0.654612 5 0.999729
0.654225 5 0.99973
0.654032 5 0.999731
0.653452 5 0.999732
0.653259 5 0.999733
0.653065 5 0.999734
0.652485 5 0.999735
0.652292 5 0.999736
0.652098 4 0.999737
0.651518 4 0.999739
0.651325 4 0.99974
0.651131 4 0.999741
0.650745 4 0.999742
0.650551 4 0.999743
0.650164 4 0.999744
0.649584 4 0.999745
0.649197 4 0.999746
0.648617 4 0.999747
0.648424 4 0.999748
0.648037 4 0.999752
0.647264 4 0.999753
0.646877 4 0.999754
0.646683 4 0.999755
0.64591 4 0.999756
0.645716 4 0.999757
0.64533 4 0.999758
0.645136 4 0.99976
0.644943 4 0.999761
0.644169 4 0.999763
0.643589 4 0.999764
0.643396 4 0.999765
0.642816 4 0.999766
0.642236 4 0.999767
0.641075 4 0.999768
0.640882 4 0.999769
0.639722 4 0.99977
0.638948 4 0.999771
0.637981 4 0.999772
0.637401 4 0.999773
0.637014 4 0.999774
0.636241 4 0.999775
0.636047 4 0.999776
0.63566 4 0.999777
0.634887 4 0.999778
0.634307 4 0.999779
0.63392 4 0.99978
0.63334 4 0.999781
0.632566 4 0.999782
0.631793 4 0.999783
0.631599 4 0.999784
0.631213 4 0.999785
0.630826 4 0.999786
0.630246 4 0.999787
0.629859 4 0.999788
0.629665 4 0.999789
0.629472 4 0.99979
0.629085 4 0.999791
0.628505 4 0.999792
0.628118 4 0.999794
0.627538 4 0.999795
0.626958 4 0.999796
0.626184 4 0.999797
0.625411 4 0.999798
0.625218 4 0.999799
0.624637 4 0.9998
0.624444 4 0.999801
0.624251 4 0.999803
0.62367 4 0.999804
0.62251 4 0.999805
0.622317 4 0.999806
0.62135 4 0.999807
0.620576 4 0.999808
0.619996 4 0.999809
0.619609 4 0.99981
0.619223 4 0.999811
0.618449 4 0.999812
0.617869 4 0.999813
0.617675 4 0.999814
0.616902 4 0.999815
0.616515 4 0.999816
0.615742 4 0.999817
0.615548 4 0.999818
0.615355 4 0.999819
0.614388 4 0.99982
0.613421 4 0.999821
0.613034 4 0.999822
0.612454 4 0.999823
0.611487 4 0.999824
0.611294 4 0.999825
0.6111 4 0.999826
0.610327 4 0.999827
0.610133 4 0.999828
0.609167 4 0.999829
0.60878 4 0.99983
0.608006 4 0.999831
0.607426 4 0.999832
0.606846 4 0.999833
0.605492 4 0.999834
0.604912 4 0.999835
0.604719 4 0.999836
0.604525 4 0.999837
0.604138 4 0.999838
0.603365 4 0.999839
0.602785 4 0.99984
0.602205 4 0.999841
0.601624 4 0.999842
0.601431 4 0.999843
0.601044 4 0.999844
0.599884 4 0.999845
0.599304 4 0.999846
0.598143 4 0.999847
0.59737 4 0.999848
0.59621 4 0.999849
0.596016 4 0.99985
0.595436 4 0.999851
0.594663 4 0.999852
0.593696 4 0.999853
0.593115 4 0.999854
0.592342 4 0.999855
0.591955 4 0.999856
0.590988 4 0.999857
0.590601 4 0.999858
0.590215 4 0.999859
0.588861 4 0.99986
0.586734 4 0.999861
0.58538 4 0.999862
0.584993 4 0.999863
0.584413 4 0.999864
0.583253 4 0.999865
0.582866 4 0.999866
0.582286 4 0.999867
0.581706 4 0.999868
0.579965 4 0.999869
0.578805 4 0.99987
0.578225 4 0.999871
0.577258 4 0.999872
0.576291 4 0.999873
0.575131 4 0.999874
0.574357 4 0.999875
0.57397 4 0.999876
0.57281 4 0.999877
0.57223 4 0.999878
0.570876 4 0.999879
0.569716 4 0.99988
0.569522 4 0.999881
0.567975 4 0.999882
0.567395 4 0.999883
0.566622 4 0.999884
0.565848 4 0.999885
0.565074 4 0.999886
0.563141 4 0.999887
0.562947 4 0.999888
0.56198 4 0.999889
0.5614 4 0.99989
0.56082 4 0.999891
0.559853 4 0.999892
0.559273 4 0.999893
0.558113 4 0.999894
0.556759 4 0.999895
0.555792 4 0.999896
0.554632 4 0.999897
0.553665 4 0.999898
0.552504 4 0.999899
0.550957 4 0.9999
0.54999 4 0.999901
0.549217 4 0.999902
0.54825 4 0.999903
0.547476 4 0.999904
0.546316 4 0.999905
0.544382 4 0.999906
0.543028 4 0.999907
0.540321 4 0.999908
0.539547 4 0.999909
0.538 4 0.99991
0.53684 4 0.999911
0.5351 4 0.999912
0.534326 4 0.999913
0.532779 4 0.999914
0.531232 4 0.999915
0.530265 4 0.999916
0.529878 4 0.999917
0.527751 4 0.999918
0.525624 4 0.999919
0.52369 4 0.99992
0.521949 4 0.999921
0.521369 4 0.999922
0.520209 4 0.999923
0.517888 4 0.999924
0.515954 4 0.999925
0.513827 4 0.999926
0.512667 4 0.999927
0.51112 4 0.999928
0.510346 4 0.999929
0.508412 4 0.99993
0.506672 4 0.999931
0.504738 4 0.999932
0.503191 4 0.999933
0.500677 4 0.999934
0.498936 4 0.999935
0.497583 4 0.999936
0.495649 4 0.999937
0.493908 4 0.999938
0.491394 4 0.999939
0.48888 4 0.99994
0.486753 4 0.999941
0.484819 4 0.999942
0.482885 4 0.999943
0.479404 4 0.999944
0.477857 4 0.999945
0.47631 4 0.999946
0.474763 3 0.999947
0.472056 3 0.999948
0.469155 2 0.999949
0.466641 2 0.99995
0.463353 2 0.999951
0.461806 2 0.999952
0.459099 2 0.999953
0.456005 2 0.999954
0.45291 2 0.999955
0.44943 2 0.999956
0.448076 2 0.999957
0.445755 2 0.999958
0.443435 2 0.999959
0.439373 2 0.99996
0.436473 2 0.999961
0.432798 2 0.999962
0.430091 2 0.999963
0.42661 2 0.999964
0.423129 2 0.999965
0.418681 2 0.999966
0.41404 2 0.999967
0.408818 2 0.999968
0.405724 2 0.999969
0.401276 2 0.99997
0.396442 2 0.999971
0.391607 2 0.999972
0.388126 2 0.999973
0.383485 2 0.999974
0.379037 2 0.999975
0.373429 1 0.999976
0.368014 1 0.999977
0.363759 1 0.999978
0.358731 1 0.999979
0.353317 1 0.99998
0.346741 1 0.999981
0.341133 1 0.999982
0.334751 1 0.999983
0.329917 1 0.999984
0.322181 1 0.999985
0.314833 1 0.999986
0.307291 1 0.999987
0.298395 1 0.999988
0.292207 1 0.999989
0.283504 1 0.99999
0.272675 1 0.999991
0.260878 1 0.999992
0.245987 1 0.999993
0.234964 1 0.999994
0.220267 1 0.999995
0.199768 1 0.999996
0.181976 1 0.999997
0.151615 1 0.999998
0.116805 1 0.999999
0.0707793 0 1
0 0 1e+020
0 0 1e+020
0 0 1e+020
0 0 1e+020
0 0 1e+020
0 0 1.79769e+308
