0.984916 1149 0.700213
0.984722 1149 0.700844
0.984722 1148 0.700862
0.984722 1147 0.700904
0.984722 1146 0.700952
0.984722 1145 0.702035
0.984722 1144 0.702143
0.984722 1143 0.7033
0.984722 1142 0.703497
0.984722 1141 0.703733
0.984529 1141 0.704718
0.984529 1140 0.705111
0.984529 1139 0.705782
0.984529 1138 0.70579
0.984529 1137 0.706642
0.984529 1136 0.706682
0.984529 1135 0.706756
0.984529 1134 0.706863
0.984529 1133 0.706965
0.984529 1132 0.706974
0.984529 1131 0.707054
0.984529 1130 0.7071
0.984529 1129 0.707784
0.984529 1128 0.708153
0.984529 1127 0.708232
0.984529 1126 0.709641
0.984529 1125 0.709782
0.984529 1124 0.71041
0.984529 1123 0.711071
0.984529 1122 0.711354
0.984529 1121 0.711935
0.984529 1120 0.712
0.984529 1119 0.712196
0.984529 1118 0.712955
0.984529 1117 0.713049
0.984529 1116 0.713917
0.984529 1115 0.71457
0.984529 1114 0.714881
0.984529 1113 0.715919
0.984529 1112 0.715944
0.984529 1111 0.715998
0.984336 1111 0.716265
0.984142 1111 0.716531
0.984142 1110 0.717563
0.984142 1109 0.718199
0.984142 1108 0.718931
0.984142 1107 0.719679
0.984142 1106 0.719834
0.984142 1105 0.720324
0.984142 1104 0.720729
0.984142 1103 0.721202
0.984142 1102 0.721314
0.984142 1101 0.721426
0.984142 1100 0.721887
0.984142 1099 0.723254
0.984142 1098 0.723984
0.984142 1097 0.72525
0.984142 1096 0.725519
0.984142 1095 0.725539
0.984142 1094 0.725759
0.983949 1094 0.725821
0.983949 1093 0.726029
0.983949 1092 0.726062
0.983949 1091 0.72624
0.983949 1090 0.726816
0.983949 1089 0.727483
0.983949 1088 0.727625
0.983949 1087 0.727651
0.983949 1086 0.728185
0.983949 1085 0.728249
0.983949 1084 0.72964
0.983949 1083 0.730107
0.983949 1082 0.732474
0.983949 1081 0.73303
0.983949 1080 0.733677
0.983949 1079 0.734658
0.983949 1078 0.735139
0.983756 1078 0.735863
0.983756 1077 0.737185
0.983756 1076 0.737517
0.983756 1075 0.737913
0.983756 1074 0.738368
0.983756 1073 0.738709
0.983756 1072 0.73968
0.983756 1071 0.739968
0.983756 1070 0.740644
0.983756 1069 0.740878
0.983756 1068 0.74129
0.983756 1067 0.741965
0.983562 1067 0.742175
0.983562 1066 0.742253
0.983562 1065 0.742446
0.983562 1064 0.743057
0.983562 1063 0.743059
0.983562 1062 0.743061
0.983562 1061 0.74409
0.983562 1060 0.74459
0.983562 1059 0.745022
0.983562 1058 0.745601
0.983562 1057 0.745861
0.983562 1056 0.745863
0.983562 1055 0.746683
0.983369 1055 0.747532
0.983369 1054 0.74796
0.983175 1054 0.748253
0.983175 1053 0.748509
0.983175 1052 0.748644
0.983175 1051 0.748767
0.983175 1050 0.748949
0.983175 1049 0.749017
0.983175 1048 0.749363
0.983175 1047 0.749422
0.982982 1047 0.749541
0.982982 1046 0.749597
0.982982 1045 0.749606
0.982982 1044 0.749901
0.982982 1043 0.750407
0.982982 1042 0.750926
0.982982 1041 0.751177
0.982982 1040 0.752104
0.982982 1039 0.752237
0.982982 1038 0.752426
0.982982 1037 0.753051
0.982982 1036 0.753494
0.982982 1035 0.754239
0.982789 1035 0.75482
0.982789 1034 0.755122
0.982789 1033 0.755175
0.982789 1032 0.755698
0.982595 1032 0.75571
0.982595 1031 0.756172
0.982595 1030 0.756377
0.982595 1029 0.756512
0.982595 1028 0.756604
0.982595 1027 0.757701
0.982595 1026 0.757946
0.982595 1025 0.758488
0.982595 1024 0.758681
0.982595 1023 0.760055
0.982595 1022 0.760836
0.982595 1021 0.760985
0.982595 1020 0.762301
0.982595 1019 0.762523
0.982595 1018 0.763283
0.982595 1017 0.763423
0.982595 1016 0.763811
0.982595 1015 0.763821
0.982595 1014 0.763931
0.982595 1013 0.764179
0.982595 1012 0.764926
0.982595 1011 0.76515
0.982595 1010 0.765568
0.982595 1009 0.766107
0.982595 1008 0.766899
0.982595 1007 0.767386
0.982595 1006 0.768199
0.982595 1005 0.768417
0.982595 1004 0.76884
0.982595 1003 0.768852
0.982595 1002 0.768867
0.982595 1001 0.769478
0.982595 1000 0.76988
0.982595 999 0.770186
0.982595 998 0.770219
0.982595 997 0.770419
0.982595 996 0.771599
0.982595 995 0.772309
0.982595 994 0.772927
0.982595 993 0.773099
0.982595 992 0.774131
0.982595 991 0.774359
0.982595 990 0.775239
0.982595 989 0.775956
0.982595 988 0.776002
0.982595 987 0.776068
0.982402 987 0.776239
0.982402 986 0.777019
0.982402 985 0.777623
0.982402 984 0.778523
0.982402 983 0.778792
0.982402 982 0.778882
0.982402 981 0.778996
0.982402 980 0.779217
0.982402 979 0.779638
0.982402 978 0.780876
0.982402 977 0.781272
0.982402 976 0.781567
0.982402 975 0.781763
0.982402 974 0.781823
0.982402 973 0.781958
0.982402 972 0.782149
0.982402 971 0.782823
0.982402 970 0.78396
0.982402 969 0.784321
0.982402 968 0.784711
0.982402 967 0.785186
0.982208 967 0.785324
0.982208 966 0.785505
0.982208 965 0.785552
0.982208 964 0.785774
0.982015 964 0.786982
0.982015 963 0.787393
0.982015 962 0.787605
0.982015 961 0.787753
0.982015 960 0.788497
0.982015 959 0.789047
0.981822 959 0.789305
0.981822 958 0.789319
0.981822 957 0.790122
0.981822 956 0.790338
0.981822 955 0.790343
0.981822 954 0.790509
0.981822 953 0.790639
0.981822 952 0.791229
0.981822 951 0.791258
0.981822 950 0.791794
0.981822 949 0.791846
0.981822 948 0.79198
0.981822 947 0.792066
0.981822 946 0.792583
0.981822 945 0.793139
0.981822 944 0.79323
0.981822 943 0.793347
0.981822 942 0.79374
0.981822 941 0.794338
0.981822 940 0.794631
0.981628 940 0.795093
0.981628 939 0.795303
0.981628 938 0.795533
0.981628 937 0.796534
0.981628 936 0.796799
0.981628 935 0.79716
0.981628 934 0.797193
0.981628 933 0.798662
0.981628 932 0.798916
0.981628 931 0.799013
0.981628 930 0.799172
0.981628 929 0.799236
0.981628 928 0.799253
0.981628 927 0.799427
0.981628 926 0.79981
0.981628 925 0.800128
0.981628 924 0.800545
0.981628 923 0.800767
0.981628 922 0.801074
0.981628 921 0.801536
0.981628 920 0.801537
0.981628 918 0.801703
0.981628 917 0.801968
0.981628 916 0.80206
0.981628 915 0.802546
0.981628 914 0.802648
0.981628 913 0.802723
0.981628 912 0.802808
0.981628 911 0.802902
0.981628 910 0.802937
0.981628 909 0.803059
0.981628 908 0.803294
0.981628 907 0.80407
0.981628 906 0.80423
0.981628 905 0.804822
0.981628 904 0.804967
0.981435 904 0.805036
0.981435 903 0.805323
0.981435 902 0.805802
0.981242 902 0.805841
0.981242 901 0.806934
0.981242 900 0.807331
0.981242 899 0.807898
0.981242 898 0.807954
0.981242 897 0.808194
0.981242 896 0.809449
0.981242 895 0.809564
0.981242 894 0.81008
0.981242 893 0.810526
0.981242 892 0.810666
0.981242 891 0.811672
0.981242 890 0.811797
0.981242 889 0.81192
0.981242 888 0.811956
0.981242 887 0.812009
0.981242 886 0.812931
0.981242 885 0.813141
0.981242 884 0.813225
0.981242 883 0.813813
0.981242 882 0.813887
0.981242 881 0.814205
0.981242 880 0.815155
0.981048 880 0.815299
0.981048 879 0.815368
0.981048 878 0.815535
0.981048 877 0.816226
0.981048 876 0.81662
0.981048 875 0.817267
0.981048 874 0.81749
0.981048 873 0.817604
0.981048 872 0.818274
0.981048 871 0.818635
0.981048 870 0.818783
0.981048 869 0.818815
0.981048 868 0.818885
0.981048 867 0.819105
0.981048 866 0.819273
0.981048 865 0.819298
0.981048 864 0.819665
0.981048 863 0.820169
0.981048 862 0.820251
0.981048 861 0.8206
0.980855 861 0.820808
0.980855 860 0.820926
0.980855 859 0.820961
0.980855 858 0.821019
0.980855 857 0.821181
0.980855 856 0.823261
0.980855 855 0.823303
0.980855 854 0.823717
0.980855 853 0.823786
0.980855 852 0.824132
0.980855 851 0.824524
0.980855 850 0.825092
0.980855 849 0.826053
0.980855 848 0.827063
0.980855 847 0.827266
0.980855 846 0.827997
0.980855 845 0.828477
0.980855 844 0.82868
0.980855 843 0.828847
0.980855 842 0.829028
0.980855 841 0.829916
0.980855 840 0.83023
0.980855 839 0.830392
0.980855 838 0.830862
0.980855 837 0.830893
0.980855 836 0.830916
0.980855 835 0.831396
0.980855 834 0.83209
0.980855 833 0.832462
0.980855 832 0.832817
0.980661 832 0.832926
0.980661 831 0.832958
0.980661 830 0.833631
0.980661 829 0.834059
0.980661 828 0.834555
0.980661 827 0.834864
0.980468 827 0.834914
0.980468 826 0.835957
0.980468 825 0.836255
0.980468 824 0.836784
0.980468 823 0.836875
0.980468 822 0.836929
0.980468 821 0.83724
0.980468 820 0.83787
0.980468 819 0.838184
0.980468 818 0.838212
0.980468 817 0.838732
0.980468 816 0.838874
0.980275 816 0.838893
0.980275 815 0.839931
0.980275 814 0.839933
0.980275 813 0.840878
0.980275 812 0.841739
0.980275 811 0.84197
0.980275 810 0.842189
0.980275 809 0.842876
0.980275 808 0.844886
0.980275 807 0.845246
0.980275 806 0.845285
0.980275 805 0.84548
0.980275 804 0.846075
0.980081 804 0.846819
0.980081 803 0.846901
0.980081 802 0.847049
0.979888 802 0.847191
0.979888 801 0.84835
0.979888 800 0.848573
0.979888 799 0.848981
0.979888 798 0.84906
0.979888 797 0.849108
0.979888 796 0.849198
0.979888 795 0.849245
0.979888 794 0.849859
0.979694 794 0.850453
0.979694 793 0.850746
0.979501 793 0.850802
0.979501 792 0.851185
0.979501 791 0.851516
0.979501 790 0.851651
0.979501 789 0.851816
0.979501 788 0.852118
0.979501 787 0.852409
0.979501 786 0.852952
0.979501 785 0.853394
0.979501 784 0.853803
0.979501 783 0.85401
0.979501 782 0.854054
0.979501 781 0.855249
0.979501 779 0.855848
0.979501 778 0.855982
0.979501 777 0.856334
0.979501 776 0.856459
0.979501 775 0.856541
0.979501 774 0.856734
0.979501 773 0.856846
0.979501 772 0.857171
0.979501 771 0.857385
0.979501 770 0.857411
0.979308 770 0.857726
0.979308 769 0.858017
0.979308 768 0.858679
0.979308 767 0.859062
0.979308 766 0.859224
0.979308 765 0.85939
0.979308 764 0.85943
0.979308 763 0.859816
0.979308 762 0.861041
0.979308 761 0.861494
0.979308 760 0.861511
0.979308 759 0.861642
0.979308 758 0.861771
0.979308 757 0.862132
0.979308 756 0.86255
0.979114 756 0.862664
0.979114 755 0.862865
0.978921 755 0.864086
0.978921 754 0.864205
0.978921 753 0.865295
0.978921 752 0.866038
0.978921 751 0.86606
0.978921 750 0.866609
0.978921 749 0.866849
0.978921 748 0.866951
0.978921 747 0.86747
0.978921 746 0.867781
0.978921 745 0.868244
0.978921 744 0.868619
0.978921 743 0.869421
0.978921 742 0.870822
0.978921 741 0.870853
0.978921 740 0.870988
0.978921 739 0.871022
0.978921 738 0.871539
0.978728 738 0.872381
0.978728 737 0.872583
0.978728 736 0.873309
0.978728 735 0.873424
0.978534 735 0.873854
0.978534 734 0.874203
0.978534 733 0.874319
0.978534 732 0.874839
0.978341 732 0.874917
0.978341 731 0.875185
0.978341 730 0.876341
0.978341 729 0.877565
0.978341 728 0.877592
0.978341 727 0.877614
0.978341 726 0.87831
0.978341 725 0.878796
0.978341 724 0.879003
0.978341 723 0.879316
0.978341 722 0.879392
0.978341 721 0.879448
0.978341 720 0.879899
0.978341 719 0.880202
0.978341 718 0.88028
0.978341 717 0.880717
0.978341 716 0.881061
0.978341 715 0.881082
0.978341 714 0.881104
0.978147 714 0.881247
0.978147 713 0.881705
0.978147 712 0.881804
0.977954 712 0.882194
0.977954 711 0.882703
0.977954 710 0.882745
0.977954 709 0.883825
0.977954 708 0.884903
0.977954 707 0.885073
0.977954 706 0.885085
0.977954 705 0.885224
0.977954 704 0.885439
0.977954 703 0.885504
0.977954 702 0.886534
0.977954 701 0.886587
0.977954 700 0.886739
0.977954 699 0.886749
0.977954 698 0.887541
0.977761 698 0.887927
0.977761 697 0.889129
0.977761 696 0.889312
0.977761 695 0.889627
0.977761 694 0.890364
0.977761 693 0.890584
0.977761 692 0.891121
0.977761 691 0.891901
0.977761 690 0.89222
0.977761 689 0.892415
0.977761 688 0.892474
0.977761 687 0.892748
0.977761 686 0.893051
0.977761 685 0.893457
0.977761 684 0.89355
0.977761 683 0.893726
0.977761 682 0.894276
0.977761 681 0.894294
0.977761 680 0.894425
0.977761 679 0.89461
0.977761 678 0.894642
0.977761 677 0.895003
0.977761 676 0.89554
0.977761 675 0.895881
0.977761 674 0.895896
0.977761 673 0.896644
0.977761 672 0.896846
0.977761 671 0.897324
0.977761 670 0.899138
0.977567 670 0.899439
0.977567 669 0.899556
0.977567 668 0.899594
0.977567 667 0.899737
0.977567 666 0.900102
0.977567 665 0.901051
0.977567 664 0.901336
0.977567 663 0.901402
0.977567 662 0.901433
0.977374 662 0.901729
0.977374 661 0.902116
0.977374 660 0.902957
0.977374 659 0.903223
0.977374 658 0.903224
0.97718 658 0.903714
0.97718 657 0.90393
0.976987 657 0.904011
0.976987 656 0.904514
0.976987 655 0.905461
0.976794 655 0.905473
0.976794 654 0.906502
0.976794 653 0.907591
0.9766 653 0.907953
0.9766 652 0.90817
0.9766 651 0.908508
0.976407 651 0.90868
0.976407 650 0.90881
0.976407 649 0.909011
0.976407 648 0.909274
0.976407 647 0.909831
0.976407 646 0.909844
0.976407 645 0.909927
0.976213 645 0.91007
0.976213 644 0.910102
0.976213 643 0.910259
0.97602 643 0.910492
0.97602 642 0.911245
0.97602 641 0.911755
0.97602 640 0.912334
0.97602 639 0.91268
0.97602 638 0.912907
0.97602 637 0.912934
0.97602 636 0.912976
0.97602 635 0.912995
0.97602 634 0.913222
0.97602 633 0.913222
0.97602 632 0.913312
0.97602 631 0.913375
0.97602 630 0.913603
0.97602 629 0.913672
0.97602 628 0.913904
0.97602 627 0.913939
0.97602 626 0.913947
0.97602 625 0.914206
0.97602 624 0.914217
0.97602 623 0.914232
0.97602 622 0.914816
0.97602 621 0.915679
0.97602 620 0.915892
0.97602 619 0.916823
0.97602 618 0.916906
0.97602 617 0.917156
0.975827 617 0.9175
0.975827 616 0.917914
0.975827 615 0.918066
0.975827 614 0.91809
0.975827 613 0.918762
0.975633 613 0.918865
0.975633 612 0.919217
0.975633 611 0.919258
0.97544 611 0.919509
0.97544 610 0.919669
0.975247 610 0.919817
0.975247 609 0.920271
0.975247 608 0.920369
0.975247 607 0.920811
0.975247 606 0.92082
0.975247 605 0.921429
0.975247 604 0.92207
0.975247 603 0.922097
0.975247 602 0.922342
0.975053 602 0.922738
0.975053 601 0.923063
0.975053 600 0.923077
0.975053 599 0.92313
0.975053 598 0.923708
0.975053 597 0.923767
0.975053 596 0.923783
0.975053 595 0.923789
0.97486 595 0.924117
0.97486 594 0.924415
0.97486 593 0.924608
0.97486 592 0.924904
0.974666 592 0.925153
0.974666 591 0.925449
0.974666 590 0.925481
0.974666 589 0.925502
0.974666 588 0.925665
0.974666 587 0.926271
0.974666 586 0.926389
0.974473 586 0.927051
0.974473 585 0.927165
0.974473 584 0.927333
0.974473 583 0.927403
0.974473 582 0.928166
0.974473 581 0.928197
0.974473 580 0.928331
0.974473 579 0.928791
0.974473 578 0.928859
0.974473 577 0.928975
0.974473 576 0.929683
0.97428 576 0.930288
0.97428 575 0.930587
0.97428 574 0.930706
0.97428 573 0.930747
0.97428 572 0.930899
0.97428 571 0.931244
0.97428 570 0.931598
0.97428 569 0.931662
0.97428 568 0.931771
0.97428 567 0.931978
0.97428 566 0.932208
0.97428 565 0.932281
0.974086 565 0.93232
0.974086 564 0.932625
0.974086 563 0.932835
0.974086 562 0.933191
0.974086 561 0.933204
0.974086 560 0.933242
0.974086 559 0.933353
0.973893 559 0.933412
0.973893 558 0.934045
0.973893 557 0.934135
0.973893 556 0.934145
0.973699 556 0.934423
0.973699 555 0.934875
0.973699 554 0.93491
0.973699 553 0.934989
0.973699 552 0.935149
0.973506 552 0.935584
0.973506 551 0.935956
0.973506 550 0.936029
0.973506 549 0.936041
0.973506 548 0.936207
0.973506 547 0.936285
0.973506 546 0.936349
0.973506 545 0.936565
0.973506 544 0.936684
0.973313 544 0.936694
0.973313 543 0.936763
0.973313 542 0.937121
0.973313 541 0.937241
0.973313 540 0.9377
0.973313 539 0.937903
0.973313 538 0.938253
0.973119 538 0.938272
0.973119 537 0.938292
0.973119 536 0.938417
0.973119 535 0.938685
0.973119 534 0.938755
0.973119 533 0.938855
0.973119 532 0.938964
0.973119 531 0.939308
0.973119 530 0.939512
0.973119 529 0.939683
0.973119 528 0.939731
0.973119 527 0.940037
0.972926 527 0.940297
0.972926 526 0.940306
0.972926 525 0.940406
0.972926 524 0.940694
0.972733 524 0.940803
0.972733 523 0.941625
0.972539 523 0.941852
0.972539 522 0.942001
0.972539 521 0.942178
0.972539 520 0.942582
0.972539 519 0.943211
0.972539 518 0.943318
0.972539 517 0.943422
0.972346 517 0.943571
0.972346 516 0.943584
0.972346 515 0.943789
0.972346 514 0.943842
0.972346 513 0.9443
0.972152 513 0.944647
0.972152 512 0.944842
0.972152 511 0.944948
0.972152 510 0.945162
0.972152 509 0.94539
0.971959 509 0.945532
0.971959 508 0.94593
0.971959 507 0.946184
0.971766 507 0.946245
0.971572 507 0.946562
0.971572 506 0.946602
0.971572 505 0.946678
0.971572 504 0.946682
0.971572 503 0.946767
0.971572 502 0.947069
0.971379 502 0.947114
0.971379 501 0.947147
0.971379 500 0.947412
0.971379 499 0.948697
0.971379 498 0.948805
0.971185 498 0.949015
0.971185 497 0.949177
0.971185 496 0.9492
0.971185 495 0.949866
0.971185 494 0.950234
0.971185 493 0.950653
0.971185 492 0.950753
0.971185 491 0.950765
0.971185 490 0.950805
0.970992 490 0.951357
0.970992 489 0.951868
0.970992 488 0.952013
0.970992 487 0.952118
0.970992 486 0.952453
0.970992 485 0.952579
0.970799 485 0.952582
0.970799 484 0.95267
0.970799 483 0.953046
0.970799 482 0.95345
0.970799 481 0.953496
0.970799 480 0.954273
0.970799 479 0.954293
0.970605 479 0.954571
0.970605 478 0.955044
0.970605 477 0.95508
0.970605 476 0.955265
0.970219 476 0.9554
0.970025 476 0.955619
0.970025 475 0.955775
0.970025 474 0.955862
0.969832 474 0.956123
0.969638 474 0.956154
0.969638 473 0.956203
0.969638 472 0.95635
0.969638 471 0.956476
0.969638 470 0.956607
0.969638 469 0.957225
0.969638 468 0.957648
0.969638 467 0.957841
0.969638 466 0.957914
0.969638 465 0.958024
0.969638 464 0.958192
0.969638 463 0.958344
0.969445 463 0.958408
0.969445 462 0.959072
0.969445 461 0.959336
0.969445 460 0.959444
0.969445 459 0.959468
0.969445 458 0.959552
0.969445 457 0.959646
0.969445 456 0.959992
0.969252 456 0.960054
0.969252 455 0.960155
0.969252 454 0.960339
0.969252 453 0.960459
0.969252 452 0.960798
0.969058 452 0.960859
0.969058 451 0.960871
0.968865 451 0.960983
0.968865 450 0.960989
0.968865 449 0.961141
0.968865 448 0.961435
0.968865 447 0.961478
0.968865 446 0.96157
0.968671 446 0.961578
0.968671 445 0.961689
0.968671 444 0.9619
0.968478 444 0.962232
0.968285 444 0.96234
0.968285 443 0.962376
0.968091 443 0.96277
0.968091 442 0.962795
0.968091 441 0.962907
0.967898 441 0.963102
0.967898 440 0.963414
0.967898 439 0.963501
0.967705 439 0.963823
0.967511 439 0.964052
0.967318 439 0.964235
0.967124 439 0.964412
0.967124 438 0.96456
0.967124 437 0.964572
0.967124 436 0.964592
0.967124 435 0.964608
0.967124 434 0.964712
0.966931 434 0.965035
0.966931 433 0.965441
0.966931 432 0.965545
0.966931 431 0.965983
0.966931 430 0.96604
0.966931 429 0.966217
0.966931 428 0.966313
0.966931 427 0.966507
0.966931 426 0.966586
0.966738 426 0.966692
0.966738 425 0.966864
0.966544 425 0.966941
0.966351 425 0.966985
0.966351 424 0.967138
0.966351 423 0.967853
0.966351 422 0.968074
0.966351 421 0.968117
0.966157 421 0.968221
0.966157 420 0.968228
0.966157 419 0.96827
0.966157 418 0.968537
0.966157 417 0.96863
0.965964 417 0.968845
0.965964 416 0.968853
0.965771 416 0.968974
0.965771 415 0.968981
0.965577 415 0.968998
0.965577 414 0.969376
0.965577 413 0.9694
0.965577 412 0.969591
0.965577 411 0.969621
0.965577 410 0.969658
0.965577 409 0.969681
0.965577 408 0.969842
0.965577 407 0.969933
0.965577 406 0.969959
0.965577 405 0.970265
0.965577 404 0.970277
0.965577 403 0.970618
0.965577 402 0.970622
0.965577 401 0.970835
0.965384 401 0.970968
0.965384 400 0.971152
0.965384 399 0.971244
0.965384 398 0.97132
0.96519 398 0.97153
0.96519 397 0.971569
0.96519 396 0.971666
0.96519 395 0.971701
0.96519 394 0.971812
0.96519 393 0.972002
0.964997 393 0.97205
0.964997 392 0.972107
0.964997 391 0.972211
0.964997 390 0.972252
0.964997 389 0.972368
0.964804 389 0.973007
0.96461 389 0.973068
0.964417 389 0.973166
0.964417 388 0.973491
0.964417 387 0.973582
0.964224 387 0.973698
0.964224 386 0.973733
0.964224 385 0.973873
0.964224 384 0.973907
0.964224 383 0.974018
0.964224 382 0.974051
0.964224 381 0.974154
0.964224 380 0.974503
0.964224 379 0.974578
0.964224 378 0.974815
0.964224 377 0.974953
0.96403 377 0.974964
0.963837 377 0.974966
0.963643 377 0.975036
0.96345 377 0.97508
0.96345 376 0.975657
0.96345 375 0.97573
0.96345 374 0.976269
0.96345 373 0.976287
0.96345 372 0.976405
0.96345 371 0.976519
0.963257 371 0.976519
0.963257 370 0.976558
0.963257 369 0.976768
0.963257 368 0.976797
0.963257 367 0.97711
0.963257 366 0.977256
0.963257 365 0.977378
0.963257 364 0.977424
0.963257 363 0.977509
0.963063 363 0.977531
0.963063 362 0.977559
0.963063 361 0.977596
0.963063 360 0.978
0.963063 359 0.978052
0.963063 358 0.978098
0.96287 358 0.978136
0.96287 357 0.978248
0.96287 356 0.97842
0.96287 355 0.978436
0.96287 354 0.978561
0.96287 353 0.978576
0.96287 352 0.978614
0.962676 352 0.978821
0.962483 352 0.978872
0.962483 351 0.978967
0.962483 350 0.979059
0.962483 349 0.979401
0.962483 348 0.979453
0.962483 347 0.979641
0.962483 346 0.979746
0.962483 345 0.979933
0.962483 344 0.979966
0.96229 344 0.979996
0.962096 344 0.980051
0.961903 344 0.980219
0.96171 344 0.980458
0.961516 344 0.980486
0.961516 343 0.980498
0.961516 342 0.980515
0.961323 342 0.98057
0.961129 342 0.98058
0.961129 341 0.980623
0.961129 340 0.980654
0.961129 339 0.980722
0.961129 338 0.980789
0.961129 337 0.980874
0.961129 336 0.981301
0.961129 335 0.981601
0.961129 334 0.981658
0.961129 333 0.981688
0.960936 333 0.981755
0.960936 332 0.981814
0.960936 331 0.981836
0.960936 330 0.981863
0.960936 329 0.981938
0.960936 328 0.982056
0.960743 328 0.982141
0.960743 327 0.982191
0.960743 326 0.982196
0.960549 326 0.982235
0.960549 325 0.982311
0.960549 324 0.982397
0.960549 323 0.982412
0.960549 322 0.982443
0.960549 321 0.98251
0.960549 320 0.982645
0.960549 319 0.982976
0.960549 318 0.98299
0.960549 317 0.983263
0.960356 317 0.983281
0.960162 317 0.98335
0.959969 317 0.983378
0.959969 316 0.983388
0.959969 315 0.983403
0.959776 315 0.983434
0.959582 315 0.983487
0.959389 315 0.983494
0.959196 315 0.983524
0.959196 314 0.983551
0.959196 313 0.983582
0.959002 313 0.983598
0.959002 312 0.983616
0.959002 311 0.983715
0.959002 310 0.983727
0.958809 310 0.983747
0.958809 309 0.983752
0.958809 308 0.983757
0.958809 307 0.983764
0.958809 306 0.983894
0.958809 305 0.983954
0.958809 304 0.984018
0.958615 304 0.984021
0.958615 303 0.984039
0.958615 302 0.984043
0.958615 301 0.98406
0.958422 301 0.984103
0.958422 300 0.984125
0.958229 300 0.984196
0.958229 299 0.984246
0.958229 298 0.984249
0.958229 297 0.984317
0.958035 297 0.98432
0.958035 296 0.984606
0.957842 296 0.984615
0.957842 295 0.984637
0.957648 295 0.984745
0.957648 294 0.98477
0.957455 294 0.984871
0.957262 294 0.984967
0.957068 294 0.985091
0.957068 293 0.985136
0.957068 292 0.98515
0.956875 292 0.985227
0.956875 291 0.985324
0.956681 291 0.985433
0.956488 291 0.98546
0.956488 290 0.985484
0.956295 290 0.985508
0.956101 290 0.985569
0.955908 290 0.98592
0.955715 290 0.986194
0.955521 290 0.986207
0.955521 289 0.986213
0.955521 288 0.986286
0.955521 287 0.986403
0.955521 286 0.986609
0.955521 285 0.986727
0.955521 284 0.986774
0.955328 284 0.986884
0.955134 284 0.986892
0.954941 284 0.986979
0.954748 284 0.986985
0.954554 284 0.987067
0.954361 284 0.987076
0.954361 283 0.987089
0.954361 282 0.987106
0.954361 281 0.98712
0.954361 280 0.987124
0.954361 279 0.98724
0.954361 278 0.987243
0.954361 277 0.987336
0.954361 276 0.98735
0.954167 276 0.987354
0.954167 275 0.987363
0.953974 275 0.987396
0.953974 274 0.987435
0.953974 273 0.987518
0.953974 272 0.987521
0.953781 272 0.987535
0.953587 272 0.987648
0.953394 272 0.987712
0.953201 272 0.987782
0.953201 271 0.987816
0.953201 270 0.987845
0.953201 269 0.987877
0.953201 268 0.987891
0.953201 267 0.988001
0.953201 266 0.988104
0.953007 266 0.988135
0.953007 265 0.988261
0.952814 265 0.988437
0.952814 264 0.988501
0.95262 264 0.98855
0.95262 263 0.988604
0.95262 262 0.988662
0.95262 261 0.988665
0.95262 260 0.988772
0.95262 259 0.989059
0.95262 258 0.989099
0.952427 258 0.98911
0.952427 257 0.989148
0.952234 257 0.989215
0.952234 256 0.989232
0.952234 255 0.989245
0.95204 255 0.989411
0.95204 254 0.989429
0.95204 253 0.989444
0.951847 253 0.98945
0.951847 252 0.98947
0.951653 252 0.989536
0.951653 251 0.989645
0.951653 250 0.989655
0.951653 249 0.989692
0.95146 249 0.989707
0.95146 248 0.989797
0.95146 247 0.989921
0.95146 246 0.989944
0.951267 246 0.990161
0.951267 245 0.990299
0.951267 244 0.990314
0.951073 244 0.990319
0.95088 244 0.990368
0.95088 243 0.990373
0.95088 242 0.990414
0.95088 241 0.990498
0.950687 241 0.990561
0.950493 241 0.990587
0.950493 240 0.990612
0.950493 239 0.990633
0.950493 238 0.990644
0.950493 237 0.990674
0.9503 237 0.990798
0.9503 236 0.990818
0.950106 236 0.990823
0.950106 235 0.990824
0.950106 234 0.99086
0.950106 233 0.990887
0.949913 233 0.990889
0.949913 232 0.990919
0.94972 232 0.99092
0.949526 232 0.990934
0.949333 232 0.991013
0.949333 231 0.991063
0.949333 230 0.99109
0.949333 229 0.991119
0.949139 229 0.991147
0.949139 228 0.991173
0.949139 227 0.991298
0.949139 226 0.991326
0.949139 225 0.99136
0.948946 225 0.991392
0.948946 224 0.991409
0.948946 223 0.991421
0.948946 222 0.991462
0.948946 221 0.99147
0.948946 220 0.991484
0.948946 219 0.991527
0.948946 218 0.991547
0.948946 217 0.99158
0.948753 217 0.991681
0.948753 216 0.991715
0.948559 216 0.991829
0.948559 215 0.991853
0.948366 215 0.991903
0.948366 214 0.992015
0.948173 214 0.992122
0.948173 213 0.992127
0.947979 213 0.992138
0.947979 212 0.992244
0.947979 211 0.992366
0.947786 211 0.992389
0.947786 210 0.992436
0.947786 209 0.992515
0.947786 208 0.992524
0.947592 208 0.992527
0.947592 207 0.992533
0.947592 206 0.99254
0.947399 206 0.992587
0.947206 206 0.992627
0.947206 205 0.992639
0.947012 205 0.992676
0.947012 204 0.992676
0.947012 203 0.992686
0.946819 203 0.992768
0.946625 203 0.992781
0.946625 202 0.9928
0.946625 201 0.992838
0.946625 200 0.992881
0.946432 200 0.992897
0.946239 200 0.992909
0.946239 199 0.992962
0.946045 199 0.993011
0.945852 199 0.993035
0.945852 198 0.993046
0.945658 198 0.993114
0.945465 198 0.993141
0.945465 197 0.993181
0.945272 197 0.993212
0.945272 196 0.99331
0.945272 195 0.993328
0.945078 195 0.993362
0.945078 194 0.993459
0.945078 193 0.993491
0.945078 192 0.993503
0.944885 192 0.993537
0.944692 192 0.993599
0.944692 191 0.99361
0.944692 190 0.993612
0.944498 190 0.993777
0.944498 189 0.993793
0.944305 189 0.993793
0.944111 189 0.993806
0.943918 189 0.99386
0.943725 189 0.993863
0.943531 189 0.993887
0.943338 189 0.993905
0.943144 189 0.993969
0.942951 189 0.994134
0.942951 188 0.994145
0.942758 188 0.994154
0.942564 188 0.99421
0.942564 187 0.994254
0.942371 187 0.994268
0.942371 186 0.994278
0.942178 186 0.994296
0.941984 186 0.994306
0.941984 185 0.994327
0.941791 185 0.994354
0.941597 185 0.994402
0.941404 185 0.994408
0.941404 184 0.994435
0.941211 184 0.994437
0.941211 183 0.994438
0.941017 183 0.994524
0.940824 183 0.994563
0.94063 183 0.99465
0.94063 182 0.994668
0.94063 181 0.994691
0.940437 181 0.994695
0.940244 181 0.994768
0.94005 181 0.994783
0.939857 181 0.994801
0.939664 181 0.994806
0.93947 181 0.994813
0.939277 181 0.994856
0.939083 181 0.994916
0.93889 181 0.994941
0.93889 180 0.994964
0.938697 180 0.995
0.938697 179 0.995007
0.938503 179 0.995023
0.93831 179 0.99508
0.93831 178 0.995128
0.93831 177 0.99513
0.938116 177 0.995139
0.938116 176 0.995181
0.938116 175 0.995221
0.938116 174 0.995226
0.937923 174 0.995251
0.93773 174 0.995251
0.937536 174 0.995266
0.937343 174 0.995316
0.937149 174 0.99536
0.937149 173 0.995362
0.936956 173 0.995399
0.936956 172 0.995416
0.936763 172 0.995444
0.936569 172 0.995445
0.936376 172 0.995485
0.936183 172 0.995493
0.936183 171 0.995506
0.935989 171 0.995612
0.935796 171 0.995636
0.935602 171 0.995656
0.935409 171 0.995674
0.935216 171 0.995729
0.935216 170 0.995757
0.935022 170 0.995813
0.934829 170 0.995881
0.934635 170 0.995895
0.934635 169 0.995919
0.934442 169 0.995923
0.934249 169 0.995926
0.934249 168 0.995949
0.934249 167 0.995949
0.934249 166 0.995999
0.934055 166 0.996008
0.933862 166 0.996024
0.933669 166 0.996027
0.933475 166 0.996042
0.933282 166 0.996057
0.933282 165 0.996061
0.933088 165 0.996117
0.933088 164 0.996118
0.932895 164 0.996134
0.932895 163 0.996142
0.932895 162 0.996144
0.932702 162 0.996153
0.932702 161 0.996181
0.932508 161 0.996216
0.932315 161 0.996217
0.932315 160 0.996228
0.932315 159 0.996258
0.932121 159 0.996272
0.932121 158 0.996273
0.931928 158 0.996281
0.931928 157 0.996335
0.931735 157 0.996341
0.931541 157 0.996344
0.931348 157 0.996358
0.931348 156 0.996376
0.931348 155 0.996399
0.931155 155 0.996399
0.931155 154 0.996414
0.931155 153 0.996444
0.931155 152 0.996447
0.931155 151 0.996471
0.931155 150 0.99648
0.930961 150 0.996481
0.930768 150 0.996504
0.930574 150 0.996541
0.930381 150 0.996551
0.930381 149 0.996553
0.930188 149 0.99659
0.930188 148 0.996606
0.929994 148 0.996612
0.929801 148 0.996613
0.929607 148 0.996617
0.929607 147 0.99662
0.929607 146 0.99666
0.929414 146 0.996663
0.929221 146 0.996671
0.929027 146 0.996675
0.928834 146 0.99668
0.928834 145 0.99668
0.92864 145 0.996697
0.928447 144 0.99672
0.928254 144 0.996735
0.92806 144 0.996752
0.927867 144 0.996766
0.927674 144 0.996792
0.927674 143 0.996814
0.92748 143 0.996847
0.927287 143 0.996857
0.927093 143 0.996858
0.927093 142 0.996881
0.927093 141 0.996889
0.927093 140 0.9969
0.9269 140 0.996929
0.926707 140 0.996936
0.926513 140 0.996945
0.926513 139 0.996956
0.92632 139 0.996991
0.926126 139 0.997005
0.925933 139 0.997021
0.92574 139 0.997025
0.925546 139 0.997033
0.925353 139 0.997036
0.92516 139 0.997043
0.92516 138 0.997046
0.924966 138 0.997056
0.924773 138 0.997058
0.924773 137 0.997084
0.924579 137 0.9971
0.924386 137 0.997102
0.924193 137 0.997106
0.923999 137 0.997116
0.923999 136 0.997116
0.923999 135 0.997122
0.923806 135 0.997132
0.923612 135 0.997139
0.923419 135 0.997146
0.923226 135 0.997151
0.923032 135 0.997161
0.922839 135 0.997168
0.922839 134 0.99718
0.922646 134 0.997203
0.922646 133 0.997205
0.922452 133 0.997211
0.922259 133 0.997232
0.922065 133 0.997233
0.921872 133 0.997237
0.921679 133 0.997251
0.921485 133 0.997252
0.921292 133 0.997252
0.921292 132 0.997256
0.921098 132 0.997282
0.920905 132 0.997282
0.920712 132 0.997285
0.920518 132 0.997302
0.920325 132 0.99731
0.920132 132 0.997312
0.919938 132 0.997335
0.919745 132 0.99734
0.919551 132 0.997343
0.919551 131 0.997343
0.919358 131 0.997351
0.919358 130 0.997353
0.919165 130 0.997369
0.919165 129 0.997371
0.918971 129 0.997373
0.918584 129 0.997383
0.918391 129 0.997392
0.918198 129 0.997393
0.918004 129 0.997393
0.918004 128 0.997401
0.917811 128 0.997418
0.917811 127 0.997436
0.917617 127 0.997437
0.917617 126 0.997448
0.917617 125 0.997459
0.917424 125 0.997473
0.917231 125 0.997488
0.917037 125 0.997497
0.916844 125 0.997504
0.916651 125 0.997505
0.916651 124 0.997522
0.916651 123 0.997523
0.916457 123 0.997537
0.916264 123 0.997542
0.91607 123 0.99755
0.915877 123 0.997553
0.915684 123 0.99756
0.91549 123 0.997569
0.915297 123 0.997579
0.915103 123 0.997581
0.91491 123 0.997588
0.914717 123 0.997589
0.914523 123 0.99759
0.91433 123 0.997605
0.914137 123 0.997621
0.913943 123 0.997624
0.91375 123 0.997628
0.913556 123 0.997635
0.913363 123 0.997638
0.91317 123 0.99764
0.912976 123 0.997645
0.912783 123 0.997649
0.912589 123 0.997651
0.912396 123 0.997653
0.912396 122 0.997655
0.912203 122 0.997662
0.912009 122 0.997672
0.911623 122 0.997687
0.911429 122 0.997691
0.911236 122 0.997693
0.911042 122 0.997697
0.911042 121 0.997698
0.910849 121 0.997705
0.910656 121 0.99771
0.910462 121 0.997718
0.910462 120 0.997725
0.910269 120 0.997727
0.910075 120 0.997741
0.909882 120 0.997743
0.909882 119 0.997792
0.909689 119 0.997794
0.909495 119 0.997795
0.909302 119 0.9978
0.909108 119 0.997801
0.908915 119 0.997804
0.908722 119 0.997805
0.908528 119 0.997811
0.908528 118 0.997829
0.908335 118 0.997847
0.908142 118 0.997847
0.907948 118 0.997856
0.907755 118 0.99788
0.907561 118 0.997885
0.907368 118 0.997891
0.907175 118 0.997893
0.906981 118 0.997895
0.906981 117 0.997895
0.906981 116 0.997897
0.906981 115 0.997902
0.906788 115 0.997913
0.906594 115 0.997919
0.906401 115 0.997922
0.906208 115 0.997924
0.906208 114 0.997926
0.906014 114 0.99793
0.905821 114 0.997936
0.905628 114 0.99794
0.905434 114 0.997946
0.905241 114 0.997946
0.905047 114 0.997949
0.904854 114 0.99795
0.904661 114 0.997967
0.904467 114 0.997968
0.904274 114 0.99799
0.90408 114 0.997994
0.903887 114 0.997997
0.903694 114 0.997999
0.9035 114 0.997999
0.903307 114 0.998004
0.903114 114 0.99801
0.90292 114 0.998014
0.902727 114 0.998024
0.902533 114 0.998025
0.90234 114 0.998031
0.901953 114 0.99804
0.90176 114 0.99804
0.901566 114 0.998042
0.901373 114 0.998046
0.90118 114 0.998052
0.900986 114 0.998063
0.900986 113 0.998078
0.900793 113 0.998086
0.900599 113 0.998087
0.900599 112 0.998088
0.900406 112 0.998109
0.900213 112 0.99811
0.900019 112 0.998115
0.899826 112 0.998124
0.899826 111 0.998129
0.899826 110 0.998131
0.899633 110 0.998137
0.899439 110 0.998139
0.899246 110 0.998143
0.899052 110 0.998149
0.898859 110 0.998154
0.898666 110 0.998156
0.898472 110 0.998158
0.898472 109 0.998168
0.898279 109 0.998169
0.898085 109 0.99817
0.897892 109 0.998186
0.897699 109 0.998195
0.897505 109 0.998199
0.897312 109 0.998202
0.897312 108 0.998207
0.897119 108 0.998208
0.896925 108 0.998209
0.896925 107 0.998216
0.896732 107 0.99822
0.896538 107 0.998221
0.896345 107 0.998222
0.896152 107 0.998223
0.895958 107 0.998226
0.895765 107 0.998228
0.895571 107 0.998234
0.895378 107 0.998235
0.895185 107 0.998242
0.894991 107 0.998246
0.894798 107 0.998247
0.894605 107 0.998248
0.894411 107 0.998249
0.894218 107 0.998257
0.894024 107 0.998264
0.893831 107 0.998283
0.893638 107 0.998285
0.893444 107 0.998288
0.893251 107 0.998289
0.893057 107 0.998289
0.892864 107 0.99829
0.892671 107 0.998292
0.892671 106 0.998293
0.892477 106 0.998295
0.892284 106 0.998295
0.892091 106 0.998296
0.891897 106 0.998302
0.891704 106 0.998303
0.89151 106 0.998306
0.891317 106 0.998309
0.891124 106 0.998309
0.89093 106 0.998311
0.89093 104 0.998312
0.890737 104 0.998312
0.890543 104 0.998312
0.890543 103 0.998318
0.89035 103 0.998321
0.890157 103 0.998321
0.889963 103 0.998326
0.88977 103 0.998329
0.889576 103 0.998331
0.889576 102 0.998334
0.889383 102 0.998336
0.88919 102 0.998351
0.888996 102 0.998357
0.888803 102 0.998365
0.888416 102 0.998368
0.888223 102 0.998369
0.888029 102 0.998371
0.887836 102 0.998373
0.887643 102 0.998379
0.887449 102 0.99838
0.887256 102 0.998384
0.887062 102 0.998387
0.886869 102 0.998387
0.886676 102 0.998388
0.886482 102 0.998388
0.886289 102 0.99839
0.886096 102 0.998393
0.885902 102 0.998394
0.885709 102 0.998397
0.885515 102 0.998413
0.885322 102 0.998414
0.885322 101 0.998419
0.884935 101 0.998429
0.884742 101 0.998432
0.884548 101 0.998436
0.884548 100 0.998437
0.884355 100 0.998446
0.884162 100 0.998446
0.884162 99 0.998447
0.883968 99 0.998448
0.883775 99 0.99845
0.883582 99 0.998451
0.883388 99 0.998453
0.883195 99 0.998459
0.883001 99 0.99846
0.882808 99 0.998461
0.882615 99 0.998462
0.882421 99 0.998465
0.882228 99 0.998474
0.882034 99 0.998475
0.881841 99 0.998477
0.881841 98 0.998478
0.881841 97 0.998483
0.881648 97 0.998485
0.881454 97 0.998493
0.881261 97 0.998495
0.881067 97 0.998502
0.880874 97 0.998504
0.880874 96 0.998506
0.880681 96 0.998509
0.880487 96 0.998516
0.880294 96 0.998518
0.880101 96 0.998521
0.879907 96 0.998524
0.879907 95 0.998524
0.879714 95 0.99853
0.87952 95 0.998535
0.879327 95 0.998536
0.879327 94 0.998539
0.879134 94 0.998543
0.87894 94 0.998547
0.878747 94 0.998552
0.878553 94 0.998555
0.87836 94 0.998556
0.878167 94 0.998559
0.877973 94 0.998563
0.87778 94 0.998568
0.877587 94 0.998569
0.877587 93 0.99857
0.877393 93 0.99857
0.877393 92 0.998572
0.8772 92 0.998574
0.877006 91 0.998579
0.876813 91 0.998579
0.876426 91 0.998581
0.876233 91 0.998584
0.876039 91 0.998586
0.875846 91 0.998588
0.875846 90 0.998588
0.875653 90 0.998589
0.875459 90 0.998591
0.875266 90 0.998603
0.875073 90 0.99861
0.874879 90 0.99861
0.874879 89 0.998614
0.874686 89 0.998615
0.874492 89 0.998616
0.874299 89 0.998617
0.874106 89 0.99862
0.873912 89 0.998621
0.873719 89 0.998626
0.873525 89 0.998629
0.873332 89 0.998631
0.873139 89 0.998631
0.872945 89 0.998634
0.872752 89 0.998636
0.872558 89 0.998638
0.872365 89 0.99864
0.872172 89 0.998642
0.871978 89 0.998643
0.871785 89 0.998645
0.871592 89 0.998646
0.871398 89 0.998651
0.871205 89 0.998653
0.871011 89 0.998655
0.870818 89 0.998657
0.870625 89 0.998658
0.870431 89 0.998658
0.870238 89 0.99866
0.870238 88 0.998661
0.870044 88 0.998661
0.869851 88 0.998664
0.869851 87 0.998666
0.869658 87 0.998667
0.869464 87 0.998667
0.869271 87 0.99867
0.869078 87 0.998671
0.869078 86 0.998674
0.869078 85 0.998681
0.868884 85 0.998684
0.868691 85 0.998685
0.868497 85 0.998691
0.868304 85 0.998692
0.868304 84 0.998693
0.868111 84 0.998695
0.867917 84 0.998696
0.867724 84 0.998697
0.86753 84 0.998698
0.867337 84 0.998699
0.867144 84 0.998702
0.86695 84 0.998709
0.866757 84 0.998709
0.866564 84 0.998709
0.86637 84 0.998712
0.866177 84 0.998714
0.866177 83 0.998714
0.865983 83 0.998715
0.86579 83 0.998721
0.865597 83 0.998721
0.865403 83 0.998721
0.865403 82 0.998724
0.86521 82 0.998725
0.86521 81 0.998726
0.865016 81 0.998726
0.864823 81 0.99873
0.864436 81 0.998731
0.864243 81 0.998732
0.863856 81 0.998734
0.863663 81 0.998735
0.863663 80 0.998737
0.863663 79 0.998741
0.863663 78 0.998742
0.863469 78 0.998745
0.863276 78 0.998746
0.863083 78 0.998747
0.862889 78 0.998753
0.862696 78 0.998756
0.862502 78 0.998758
0.862309 78 0.998762
0.862116 78 0.998763
0.861922 78 0.998763
0.861729 78 0.998765
0.861535 78 0.99877
0.861342 78 0.998773
0.861342 77 0.998773
0.861149 77 0.998779
0.860955 77 0.99878
0.860762 77 0.998781
0.860375 77 0.998782
0.860375 76 0.998784
0.860182 76 0.998794
0.859988 76 0.998796
0.859795 76 0.998799
0.859795 75 0.998801
0.859602 75 0.998802
0.859408 75 0.998804
0.859215 75 0.998804
0.859021 75 0.998806
0.859021 74 0.998807
0.858828 74 0.998808
0.858635 74 0.998809
0.858441 74 0.998812
0.858055 74 0.998812
0.857861 74 0.998813
0.857668 74 0.998814
0.857474 74 0.998815
0.857281 74 0.998817
0.857088 74 0.998818
0.856894 74 0.998819
0.856701 74 0.998821
0.856507 74 0.998828
0.856314 74 0.998828
0.856121 74 0.998829
0.855927 74 0.99883
0.855734 74 0.998833
0.855541 74 0.998834
0.855347 74 0.998835
0.855154 74 0.998835
0.85496 74 0.99884
0.854767 74 0.998841
0.854574 74 0.998841
0.85438 74 0.998844
0.854187 74 0.998844
0.853993 74 0.998845
0.853607 74 0.998846
0.853413 74 0.998846
0.85322 74 0.998847
0.853026 74 0.998848
0.852833 74 0.998852
0.85264 74 0.998855
0.852446 74 0.998855
0.852253 74 0.998858
0.852253 73 0.998862
0.85206 73 0.998863
0.851866 73 0.998863
0.851673 73 0.998865
0.851479 73 0.998865
0.851286 73 0.998867
0.851093 73 0.998867
0.850899 73 0.998867
0.850706 73 0.998869
0.850512 73 0.998869
0.850319 73 0.998871
0.850126 73 0.998872
0.849932 73 0.998873
0.849739 73 0.998879
0.849739 72 0.998882
0.849546 72 0.998882
0.849352 72 0.998884
0.849159 72 0.998885
0.849159 71 0.998886
0.848965 71 0.998888
0.848772 71 0.998889
0.848579 71 0.998891
0.848192 71 0.998892
0.848192 70 0.998893
0.847998 70 0.998893
0.847805 70 0.998898
0.847612 70 0.9989
0.847418 70 0.998901
0.847225 70 0.998906
0.847032 70 0.99891
0.846838 70 0.998913
0.846838 69 0.998918
0.846645 69 0.998919
0.846451 69 0.998919
0.846258 69 0.998923
0.846065 69 0.998923
0.845871 69 0.998926
0.845678 69 0.998927
0.845291 69 0.998928
0.845291 68 0.998928
0.845098 68 0.998931
0.844904 68 0.998931
0.844711 68 0.998932
0.844518 68 0.998932
0.844324 68 0.998934
0.844131 68 0.998935
0.843937 68 0.998935
0.843744 68 0.998939
0.843551 68 0.998942
0.843357 68 0.998944
0.843164 68 0.998945
0.843164 67 0.998947
0.84297 67 0.998949
0.842777 67 0.998953
0.842584 67 0.998955
0.842584 66 0.998956
0.84239 66 0.998957
0.842197 66 0.998959
0.842003 66 0.998963
0.84181 66 0.998963
0.841617 66 0.998969
0.841423 66 0.998969
0.841037 66 0.99897
0.840843 66 0.998972
0.84065 66 0.998973
0.840456 66 0.998974
0.840263 66 0.998975
0.84007 66 0.998975
0.839876 66 0.998979
0.839683 66 0.99898
0.839489 66 0.998981
0.839296 66 0.998982
0.839103 66 0.998983
0.839103 65 0.998984
0.838909 65 0.998986
0.838716 65 0.998987
0.838523 65 0.998988
0.838523 64 0.998988
0.838329 64 0.998988
0.838136 64 0.998989
0.837942 64 0.99899
0.837749 64 0.99899
0.837556 64 0.998991
0.837362 64 0.998994
0.837169 64 0.998997
0.836975 64 0.999
0.836782 64 0.999002
0.836589 64 0.999007
0.836395 64 0.999007
0.836009 64 0.999008
0.835815 64 0.999008
0.835622 64 0.999008
0.835622 62 0.999011
0.835428 62 0.999011
0.835235 62 0.999012
0.835235 61 0.999012
0.835042 61 0.999013
0.834848 61 0.999014
0.834655 61 0.999015
0.834461 61 0.999016
0.834268 61 0.999017
0.834075 61 0.999017
0.833881 61 0.999018
0.833688 61 0.999019
0.833494 61 0.999019
0.833494 60 0.99902
0.833301 60 0.999021
0.833108 60 0.999022
0.832914 60 0.999023
0.832721 60 0.999025
0.832528 60 0.999025
0.832334 60 0.999025
0.832141 60 0.999026
0.831754 60 0.999027
0.831561 60 0.999027
0.831367 60 0.999029
0.831174 60 0.99903
0.83098 60 0.99903
0.830787 60 0.999032
0.830594 60 0.999033
0.8304 60 0.999033
0.830207 60 0.999035
0.830014 60 0.999035
0.82982 60 0.999036
0.829627 60 0.999037
0.829433 60 0.999038
0.82924 60 0.999038
0.829047 60 0.999038
0.828853 60 0.999038
0.82866 60 0.999041
0.828466 60 0.999043
0.828273 60 0.999044
0.828273 59 0.999044
0.82808 59 0.999048
0.827886 59 0.999048
0.827693 59 0.99905
0.8275 59 0.999051
0.827306 59 0.999051
0.827113 59 0.999051
0.826919 59 0.999054
0.826726 59 0.999056
0.826533 59 0.999057
0.826339 59 0.99906
0.826146 59 0.999064
0.825952 59 0.999064
0.825759 59 0.999065
0.825759 58 0.999065
0.825566 58 0.999065
0.825372 58 0.999066
0.825179 58 0.999067
0.824985 58 0.999073
0.824792 58 0.999073
0.824599 58 0.999073
0.824405 58 0.999073
0.824212 58 0.999074
0.824019 58 0.999076
0.823825 58 0.99908
0.823632 58 0.99908
0.823438 58 0.999081
0.823438 57 0.999081
0.823245 57 0.999082
0.823052 57 0.999082
0.822858 57 0.999084
0.822665 57 0.999084
0.822471 57 0.999087
0.822278 57 0.999088
0.822085 57 0.999088
0.821891 57 0.99909
0.821698 57 0.99909
0.821505 57 0.999092
0.821311 57 0.999093
0.821118 57 0.999095
0.820924 57 0.999095
0.820731 57 0.999097
0.820538 57 0.999102
0.820344 57 0.999102
0.820151 57 0.999103
0.819957 57 0.999105
0.819764 57 0.999105
0.819571 57 0.999105
0.819377 57 0.999106
0.819184 57 0.999107
0.818991 57 0.999107
0.818991 56 0.999107
0.818797 56 0.999108
0.818604 56 0.999109
0.81841 56 0.999109
0.818217 56 0.99911
0.818024 56 0.999111
0.81783 55 0.999111
0.817637 55 0.999113
0.817443 55 0.999114
0.81725 55 0.999114
0.817057 55 0.999115
0.816863 55 0.999117
0.81667 55 0.999119
0.816477 55 0.999121
0.816283 55 0.999122
0.81609 55 0.999122
0.815896 55 0.999123
0.815703 55 0.999123
0.815703 54 0.999124
0.81551 54 0.999126
0.815316 54 0.999129
0.814929 54 0.999132
0.814736 54 0.999132
0.814543 54 0.999133
0.814349 54 0.999134
0.814156 54 0.999134
0.813962 54 0.999135
0.813769 54 0.999136
0.813576 54 0.999136
0.813382 54 0.999137
0.813189 53 0.99914
0.812996 53 0.999141
0.812802 53 0.999141
0.812609 53 0.999141
0.812415 53 0.999141
0.812222 53 0.999142
0.812029 53 0.999142
0.811835 53 0.999143
0.811642 53 0.999144
0.811448 53 0.999145
0.811255 53 0.999145
0.811062 53 0.999146
0.810868 53 0.999146
0.810675 53 0.999148
0.810482 53 0.999149
0.810095 53 0.99915
0.810095 52 0.999151
0.809901 52 0.999153
0.809708 52 0.999153
0.809515 52 0.999155
0.809321 52 0.999156
0.809128 52 0.999157
0.808934 52 0.999158
0.808741 52 0.999159
0.808548 52 0.999159
0.808354 52 0.99916
0.808161 52 0.99916
0.807968 52 0.999162
0.807774 52 0.999162
0.807581 52 0.999162
0.807387 52 0.999163
0.807194 52 0.999164
0.807001 52 0.999165
0.806807 52 0.999166
0.806614 52 0.999166
0.80642 52 0.999168
0.80642 51 0.999168
0.806227 51 0.999169
0.806034 51 0.999169
0.80584 51 0.99917
0.805647 51 0.99917
0.80526 51 0.999171
0.805067 51 0.999173
0.804873 51 0.999173
0.80468 51 0.999175
0.804487 51 0.999176
0.804293 51 0.999176
0.8041 51 0.999177
0.803906 51 0.999179
0.803713 51 0.99918
0.80352 51 0.999181
0.803326 51 0.999182
0.803133 51 0.999182
0.802939 51 0.999182
0.802746 51 0.999182
0.802553 51 0.999183
0.802359 51 0.999183
0.802166 51 0.999187
0.801973 51 0.999188
0.801779 51 0.999188
0.801586 51 0.999189
0.801392 51 0.999189
0.801199 51 0.99919
0.801006 51 0.999191
0.800812 51 0.999191
0.800619 51 0.999192
0.800425 51 0.999193
0.800232 51 0.999194
0.800039 51 0.999194
0.799845 51 0.999195
0.799652 51 0.999195
0.799459 51 0.999196
0.799265 51 0.999196
0.799072 51 0.999198
0.798878 51 0.999198
0.798685 51 0.999198
0.798492 51 0.999199
0.798298 51 0.999199
0.798105 51 0.9992
0.797911 51 0.9992
0.797718 51 0.999201
0.797525 51 0.999202
0.797331 51 0.999202
0.797331 50 0.999202
0.797138 50 0.999204
0.796944 50 0.999205
0.796751 50 0.999205
0.796364 50 0.999206
0.796171 50 0.999206
0.795978 50 0.999207
0.795784 50 0.999208
0.795591 50 0.999208
0.795397 50 0.999208
0.795204 50 0.999209
0.794817 50 0.999209
0.794624 50 0.999209
0.79443 50 0.99921
0.794237 50 0.999213
0.794044 50 0.999213
0.793657 50 0.999215
0.793464 50 0.999215
0.79327 50 0.999217
0.793077 50 0.999218
0.792883 50 0.999218
0.79269 50 0.999218
0.792497 50 0.999218
0.792303 50 0.99922
0.79211 50 0.999221
0.791916 50 0.999221
0.791723 50 0.999222
0.79153 50 0.999223
0.791336 50 0.999227
0.791143 50 0.999228
0.79095 50 0.999228
0.790756 50 0.999229
0.790563 50 0.99923
0.790369 50 0.999231
0.790369 49 0.999232
0.790176 49 0.999233
0.789983 49 0.999233
0.789789 49 0.999233
0.789596 49 0.999234
0.789402 49 0.999235
0.789209 49 0.999236
0.788822 49 0.999237
0.788629 49 0.999237
0.788436 49 0.999238
0.788436 48 0.999238
0.788242 48 0.999239
0.788049 48 0.99924
0.787855 48 0.99924
0.787469 48 0.99924
0.787275 48 0.999242
0.787082 48 0.999244
0.787082 47 0.999246
0.786888 47 0.999246
0.786695 47 0.999248
0.786502 47 0.999248
0.786308 47 0.999249
0.786115 47 0.99925
0.785921 47 0.999251
0.785728 47 0.999251
0.785535 47 0.999252
0.785341 47 0.999252
0.785148 47 0.999252
0.785148 46 0.999253
0.784955 46 0.999254
0.784761 46 0.999255
0.784568 46 0.999256
0.784374 46 0.999258
0.784181 46 0.999258
0.783988 46 0.999259
0.783794 46 0.999259
0.783601 46 0.99926
0.783407 46 0.999261
0.783214 46 0.999261
0.782827 46 0.999261
0.782634 46 0.999262
0.782441 46 0.999262
0.782247 46 0.999262
0.782054 46 0.999263
0.78186 46 0.999264
0.781474 46 0.999266
0.78128 46 0.999266
0.78128 45 0.999267
0.780893 45 0.999267
0.7807 45 0.999267
0.780507 45 0.999268
0.780313 45 0.999269
0.78012 45 0.99927
0.779927 45 0.99927
0.779733 45 0.999271
0.77954 45 0.999271
0.77954 44 0.999271
0.779346 44 0.999272
0.779153 44 0.999272
0.77896 44 0.999273
0.778766 44 0.999273
0.778573 44 0.999274
0.778379 44 0.999275
0.778186 44 0.999275
0.777993 44 0.999276
0.777606 44 0.999277
0.777412 44 0.999277
0.777026 44 0.999278
0.776832 44 0.99928
0.776639 44 0.999282
0.776059 44 0.999283
0.775865 44 0.999283
0.775672 44 0.999285
0.775479 44 0.999285
0.775285 44 0.999286
0.775092 44 0.999286
0.774898 44 0.999286
0.774705 44 0.999288
0.774512 44 0.999288
0.774512 43 0.999288
0.774318 43 0.99929
0.774125 43 0.99929
0.773932 43 0.99929
0.773738 43 0.999291
0.773545 43 0.999292
0.773351 43 0.999293
0.773158 43 0.999293
0.772965 43 0.999294
0.772771 43 0.999294
0.772578 43 0.999294
0.772384 43 0.999295
0.772191 43 0.999295
0.771998 43 0.999296
0.771804 43 0.999296
0.771611 43 0.999297
0.771031 43 0.999297
0.770837 43 0.999298
0.770644 43 0.999298
0.770451 43 0.999298
0.770257 43 0.999299
0.770064 43 0.9993
0.769677 43 0.9993
0.769484 43 0.999302
0.76929 43 0.999302
0.769097 43 0.999303
0.768904 43 0.999303
0.76871 43 0.999303
0.768517 43 0.999304
0.768323 43 0.999304
0.767937 43 0.999305
0.767743 43 0.999306
0.76755 43 0.999306
0.767356 43 0.999307
0.767163 43 0.999308
0.76697 43 0.999308
0.766776 43 0.999308
0.766583 43 0.999308
0.766389 43 0.999309
0.766003 43 0.999311
0.765809 43 0.999311
0.765616 43 0.999312
0.765423 43 0.999312
0.765229 43 0.999312
0.765036 43 0.999312
0.764842 43 0.999313
0.764649 43 0.999314
0.764456 43 0.999314
0.764262 43 0.999314
0.764069 43 0.999316
0.763875 43 0.999316
0.763682 43 0.999317
0.763489 43 0.999318
0.763295 43 0.999319
0.763102 43 0.999319
0.762909 43 0.99932
0.762715 43 0.999321
0.762522 43 0.999322
0.762328 43 0.999325
0.762135 43 0.999326
0.761942 43 0.999326
0.761748 43 0.999327
0.761555 43 0.999327
0.761361 43 0.999328
0.761168 43 0.999328
0.760975 43 0.99933
0.760975 42 0.999331
0.760781 42 0.999331
0.760395 42 0.999332
0.760201 42 0.999332
0.760008 42 0.999332
0.759814 42 0.999333
0.759621 42 0.999335
0.759428 42 0.999335
0.759234 42 0.999336
0.759041 42 0.999336
0.758847 42 0.999336
0.758654 42 0.999337
0.758461 42 0.999338
0.758267 42 0.99934
0.758074 42 0.999341
0.75788 42 0.999342
0.757687 42 0.999343
0.757494 42 0.999343
0.7573 42 0.999344
0.757107 42 0.999345
0.75672 42 0.999346
0.756527 42 0.999346
0.75614 42 0.999346
0.755947 42 0.999348
0.755753 42 0.999348
0.75556 42 0.999348
0.755366 42 0.999349
0.755173 42 0.99935
0.75498 42 0.99935
0.754786 42 0.999352
0.7544 42 0.999352
0.754206 42 0.999353
0.754013 42 0.999353
0.753819 42 0.999354
0.753626 42 0.999354
0.753433 42 0.999355
0.753239 42 0.999356
0.753046 42 0.999357
0.752852 42 0.999358
0.752659 42 0.999358
0.752466 42 0.999358
0.752272 42 0.999359
0.752079 42 0.999359
0.751886 42 0.99936
0.751499 42 0.999361
0.751305 42 0.999361
0.751112 42 0.999362
0.750725 42 0.999363
0.750532 42 0.999363
0.750338 42 0.999364
0.750145 42 0.999365
0.749952 42 0.999365
0.749758 42 0.999366
0.749565 42 0.999366
0.749371 42 0.999367
0.749178 42 0.999367
0.748985 42 0.999368
0.748598 42 0.999368
0.748405 42 0.999368
0.748211 42 0.999368
0.748018 42 0.999369
0.747824 42 0.99937
0.747631 42 0.99937
0.747438 42 0.99937
0.747244 42 0.99937
0.747051 42 0.999371
0.746857 42 0.999371
0.746664 41 0.999371
0.746471 41 0.999372
0.746277 41 0.999372
0.746084 41 0.999373
0.745891 41 0.999373
0.745697 41 0.999373
0.745117 41 0.999374
0.74473 41 0.999376
0.744537 41 0.999376
0.744343 41 0.999376
0.74415 41 0.999377
0.743957 41 0.999377
0.743763 41 0.999377
0.743377 41 0.999378
0.743183 41 0.999379
0.74299 41 0.99938
0.742796 41 0.99938
0.742603 41 0.99938
0.74241 41 0.99938
0.742216 41 0.999382
0.741829 41 0.999382
0.741636 41 0.999383
0.741443 41 0.999384
0.741249 41 0.999384
0.740863 41 0.999386
0.740669 41 0.999386
0.740476 41 0.999387
0.740476 40 0.999387
0.740282 40 0.999387
0.740089 40 0.999388
0.739896 40 0.999388
0.739702 40 0.999389
0.739509 40 0.99939
0.739315 40 0.99939
0.739122 40 0.999391
0.738929 40 0.999393
0.738735 40 0.999393
0.738542 40 0.999395
0.738348 40 0.999395
0.738155 40 0.999395
0.737962 40 0.999396
0.737768 40 0.999396
0.737575 40 0.999397
0.737382 40 0.999397
0.737188 40 0.999399
0.736995 40 0.9994
0.736801 40 0.9994
0.736608 40 0.999401
0.736415 40 0.999401
0.736221 40 0.999401
0.736028 40 0.999401
0.735834 40 0.999402
0.735641 40 0.999403
0.735448 40 0.999404
0.734868 40 0.999404
0.734674 40 0.999404
0.734481 40 0.999405
0.734287 40 0.999406
0.733901 40 0.999406
0.733707 40 0.999406
0.733514 40 0.999406
0.733127 40 0.999407
0.732934 40 0.999409
0.73274 40 0.99941
0.732547 40 0.999411
0.73216 40 0.999412
0.73216 39 0.999412
0.731967 39 0.999413
0.731773 39 0.999414
0.731387 39 0.999416
0.731 39 0.999416
0.730613 39 0.999416
0.73042 39 0.999417
0.730226 39 0.999418
0.730033 39 0.999418
0.729839 39 0.99942
0.729646 39 0.999421
0.729453 39 0.999421
0.729259 39 0.999421
0.729066 39 0.999422
0.728873 39 0.999422
0.728679 39 0.999422
0.728099 39 0.999422
0.727906 39 0.999422
0.727712 39 0.999423
0.727519 39 0.999423
0.727325 39 0.999424
0.727132 39 0.999425
0.726939 39 0.999425
0.726939 38 0.999425
0.726745 38 0.999425
0.726359 38 0.999426
0.726165 38 0.999427
0.725972 38 0.999427
0.725778 38 0.999429
0.725585 38 0.999429
0.725392 38 0.99943
0.725198 38 0.99943
0.725005 38 0.99943
0.724811 38 0.999431
0.724618 38 0.999431
0.724425 38 0.999433
0.724231 38 0.999433
0.724038 38 0.999434
0.723651 38 0.999434
0.723458 38 0.999434
0.723071 38 0.999435
0.722878 38 0.999436
0.722684 38 0.999436
0.722491 38 0.999437
0.722297 38 0.999437
0.722104 38 0.999438
0.721911 38 0.999438
0.721717 38 0.999439
0.721524 38 0.999439
0.72133 38 0.99944
0.721137 38 0.99944
0.720944 38 0.999441
0.72075 38 0.999441
0.720557 38 0.999443
0.720364 38 0.999443
0.72017 38 0.999443
0.719977 38 0.999443
0.71959 38 0.999444
0.719397 38 0.999444
0.719203 38 0.999445
0.71901 38 0.999446
0.71843 38 0.999446
0.718236 38 0.999447
0.718043 38 0.999447
0.71785 38 0.999448
0.717656 38 0.999448
0.717269 38 0.999448
0.716883 38 0.999449
0.716496 38 0.999449
0.716302 38 0.999449
0.716109 38 0.99945
0.715916 38 0.999451
0.715722 38 0.999451
0.715529 38 0.999451
0.715336 38 0.999451
0.715142 38 0.999452
0.714949 38 0.999452
0.714755 38 0.999453
0.714562 38 0.999453
0.714369 38 0.999453
0.713982 38 0.999453
0.713788 38 0.999453
0.713788 37 0.999455
0.713595 37 0.999455
0.713402 37 0.999455
0.713208 37 0.999456
0.713015 37 0.999457
0.712822 37 0.999457
0.712628 37 0.999457
0.712435 37 0.999458
0.712241 37 0.999458
0.711661 37 0.999458
0.711468 37 0.999459
0.711274 37 0.999459
0.711081 37 0.999459
0.710888 37 0.999459
0.710694 37 0.99946
0.710307 37 0.99946
0.709921 37 0.999461
0.709534 37 0.999461
0.709341 37 0.999462
0.709147 37 0.999462
0.70876 37 0.999464
0.708374 37 0.999464
0.70818 37 0.999464
0.707987 37 0.999465
0.707793 37 0.999465
0.7076 37 0.999465
0.707407 37 0.999465
0.707213 37 0.999466
0.70702 37 0.999467
0.706827 37 0.999468
0.706633 37 0.999468
0.706246 37 0.999468
0.70586 37 0.999469
0.705666 37 0.999469
0.705473 37 0.999469
0.705279 37 0.99947
0.705086 37 0.99947
0.704893 37 0.99947
0.704699 37 0.99947
0.704506 37 0.999471
0.704313 37 0.999471
0.704119 37 0.999471
0.703926 37 0.999471
0.703732 37 0.999471
0.703539 37 0.999472
0.703152 37 0.999472
0.702959 37 0.999472
0.702572 37 0.999473
0.702379 37 0.999474
0.702185 37 0.999474
0.701992 37 0.999475
0.701605 37 0.999475
0.701412 37 0.999475
0.701218 37 0.999476
0.701025 37 0.999476
0.700638 37 0.999477
0.700445 37 0.999477
0.700251 37 0.999478
0.700058 37 0.999478
0.699865 37 0.999478
0.699478 37 0.999479
0.699284 37 0.999479
0.699091 37 0.99948
0.698898 37 0.99948
0.698704 37 0.99948
0.698511 37 0.999481
0.698318 37 0.999481
0.698124 37 0.999482
0.697931 37 0.999483
0.697737 37 0.999484
0.697544 37 0.999484
0.697544 36 0.999485
0.697351 36 0.999486
0.697157 36 0.999486
0.69677 36 0.999486
0.696384 36 0.999487
0.69619 36 0.999487
0.695997 36 0.999487
0.695804 36 0.999487
0.69561 36 0.999488
0.695417 36 0.999488
0.695223 36 0.999488
0.694837 36 0.999489
0.694643 36 0.999489
0.69445 36 0.99949
0.694063 35 0.99949
0.69387 35 0.99949
0.693676 35 0.99949
0.693483 35 0.999491
0.693289 35 0.999491
0.693096 35 0.999491
0.692903 35 0.999491
0.692709 35 0.999491
0.692516 35 0.999492
0.692323 35 0.999493
0.692129 35 0.999493
0.691936 35 0.999493
0.691549 35 0.999494
0.691356 35 0.999494
0.691162 35 0.999494
0.690969 35 0.999494
0.690775 35 0.999495
0.690582 35 0.999495
0.690389 35 0.999495
0.690195 35 0.999496
0.690002 35 0.999497
0.689809 35 0.999497
0.689615 35 0.999498
0.689422 35 0.999498
0.689228 35 0.999499
0.689035 35 0.999501
0.688842 35 0.999501
0.688648 35 0.999502
0.688261 35 0.999502
0.688068 35 0.999502
0.687875 35 0.999502
0.687681 35 0.999503
0.687488 35 0.999503
0.687295 35 0.999503
0.687101 35 0.999505
0.686908 35 0.999506
0.686714 35 0.999508
0.686521 35 0.999508
0.686328 35 0.999509
0.686134 35 0.999509
0.685941 35 0.99951
0.685747 35 0.99951
0.685554 35 0.99951
0.685361 35 0.99951
0.685167 35 0.999511
0.684974 35 0.999511
0.684781 35 0.999511
0.684587 35 0.999512
0.684394 35 0.999512
0.684394 34 0.999513
0.6842 34 0.999513
0.684007 34 0.999513
0.684007 33 0.999513
0.683814 33 0.999514
0.683427 33 0.999514
0.683233 33 0.999514
0.68304 33 0.999514
0.682653 33 0.999515
0.68246 33 0.999515
0.682266 33 0.999515
0.682073 33 0.999515
0.68188 32 0.999516
0.681686 32 0.999516
0.681493 32 0.999517
0.6813 32 0.999517
0.681106 32 0.999517
0.680913 32 0.999518
0.680719 32 0.99952
0.680526 32 0.999521
0.680139 32 0.999521
0.679946 32 0.999521
0.679752 32 0.999522
0.679559 32 0.999522
0.679366 32 0.999522
0.679172 32 0.999522
0.678979 32 0.999522
0.678786 32 0.999524
0.678592 32 0.999524
0.678012 32 0.999524
0.677819 32 0.999524
0.677625 32 0.999524
0.677432 32 0.999525
0.677045 32 0.999525
0.676465 32 0.999526
0.676272 32 0.999526
0.676272 31 0.999527
0.676078 31 0.999528
0.675885 31 0.999528
0.675691 31 0.999529
0.675305 31 0.999529
0.675111 31 0.99953
0.674724 31 0.99953
0.674531 31 0.999531
0.674338 31 0.999532
0.673951 31 0.999532
0.673564 31 0.999533
0.673371 31 0.999533
0.673177 31 0.999534
0.672984 31 0.999534
0.672791 31 0.999534
0.672597 31 0.999535
0.672404 31 0.999535
0.67221 31 0.999536
0.672017 31 0.999537
0.671824 31 0.999537
0.67163 31 0.999537
0.671437 31 0.999538
0.671243 31 0.999538
0.67105 31 0.999538
0.670663 31 0.999538
0.670277 31 0.999539
0.670083 31 0.99954
0.66989 31 0.99954
0.669503 31 0.99954
0.669116 31 0.99954
0.668923 31 0.99954
0.668729 31 0.99954
0.668536 31 0.999541
0.668149 31 0.999541
0.667956 31 0.999542
0.667763 31 0.999542
0.667569 31 0.999543
0.667376 31 0.999543
0.667182 31 0.999543
0.666796 31 0.999543
0.666409 31 0.999543
0.666215 31 0.999544
0.666022 31 0.999544
0.665829 31 0.999545
0.665635 31 0.999545
0.665442 31 0.999546
0.665249 31 0.999546
0.665055 31 0.999547
0.664668 31 0.999547
0.664475 31 0.999547
0.664088 31 0.999547
0.663701 31 0.999548
0.663508 31 0.999548
0.663121 31 0.999548
0.662928 31 0.999548
0.662734 31 0.999549
0.662541 31 0.999549
0.662348 31 0.999549
0.662154 31 0.99955
0.661961 31 0.99955
0.661381 31 0.99955
0.661187 31 0.999551
0.660994 31 0.999551
0.660801 31 0.999551
0.660607 31 0.999552
0.66022 31 0.999552
0.660027 31 0.999552
0.659834 31 0.999553
0.65964 31 0.999553
0.659447 31 0.999553
0.659254 31 0.999553
0.658867 31 0.999553
0.658673 31 0.999554
0.65848 31 0.999554
0.658093 31 0.999555
0.6579 31 0.999555
0.657706 31 0.999555
0.657513 31 0.999555
0.657126 31 0.999555
0.656933 31 0.999556
0.65674 31 0.999558
0.656546 31 0.999558
0.656353 31 0.999558
0.656159 31 0.999558
0.655966 31 0.999559
0.655773 31 0.999559
0.655579 31 0.999559
0.655386 31 0.999559
0.655192 31 0.99956
0.654806 31 0.99956
0.654612 31 0.99956
0.654419 31 0.999561
0.653839 31 0.999561
0.653645 31 0.999561
0.653452 31 0.999561
0.653259 31 0.999562
0.653065 31 0.999562
0.652678 31 0.999563
0.652485 30 0.999563
0.652292 30 0.999564
0.652098 30 0.999564
0.651905 30 0.999565
0.651711 30 0.999565
0.651518 30 0.999565
0.651325 30 0.999565
0.651131 30 0.999566
0.651131 29 0.999566
0.650938 29 0.999566
0.650358 29 0.999567
0.650164 29 0.999567
0.649971 29 0.999568
0.649778 29 0.999568
0.649584 29 0.999568
0.649391 29 0.999569
0.649197 29 0.999569
0.649004 29 0.999569
0.648811 29 0.999569
0.648617 29 0.999569
0.648231 29 0.999569
0.648037 29 0.99957
0.64765 28 0.99957
0.64765 27 0.999571
0.647457 27 0.999572
0.647264 27 0.999573
0.646683 27 0.999573
0.646297 27 0.999573
0.646103 27 0.999574
0.64591 27 0.999574
0.645716 27 0.999575
0.645523 27 0.999575
0.64533 27 0.999575
0.645136 27 0.999575
0.64475 27 0.999575
0.644556 27 0.999576
0.644169 27 0.999576
0.643783 27 0.999576
0.643589 27 0.999577
0.643396 27 0.999577
0.643202 27 0.999577
0.643009 27 0.999578
0.642816 27 0.999578
0.642622 27 0.999578
0.642429 27 0.999578
0.642236 27 0.999579
0.641849 27 0.999579
0.641462 27 0.999579
0.641269 27 0.999579
0.641075 27 0.999579
0.640882 27 0.99958
0.640688 27 0.99958
0.640302 27 0.99958
0.640108 27 0.999581
0.639915 27 0.999581
0.639722 27 0.999581
0.639335 27 0.999581
0.639141 27 0.999582
0.638948 27 0.999582
0.638755 27 0.999582
0.638561 27 0.999582
0.638368 27 0.999582
0.638174 27 0.999583
0.637981 27 0.999584
0.637401 27 0.999584
0.637014 27 0.999584
0.636821 27 0.999584
0.636627 27 0.999585
0.636434 27 0.999586
0.636241 27 0.999586
0.636047 27 0.999587
0.635854 26 0.999587
0.63566 26 0.999588
0.635467 26 0.999588
0.635274 26 0.999589
0.63508 26 0.999589
0.634887 26 0.999589
0.634693 26 0.999589
0.6345 26 0.999589
0.634113 26 0.999589
0.633727 26 0.99959
0.633533 26 0.99959
0.63334 26 0.999591
0.632953 25 0.999591
0.63276 25 0.999592
0.632566 25 0.999592
0.632373 25 0.999592
0.632179 25 0.999592
0.631793 25 0.999592
0.631599 25 0.999592
0.631406 25 0.999593
0.631213 25 0.999594
0.631213 23 0.999595
0.631019 23 0.999595
0.630826 23 0.999595
0.630632 23 0.999595
0.630439 23 0.999596
0.630246 23 0.999596
0.630052 23 0.999596
0.629859 23 0.999596
0.629665 23 0.999596
0.629472 23 0.999597
0.629279 23 0.999597
0.629085 23 0.999597
0.628892 23 0.999598
0.628699 23 0.999598
0.628505 23 0.999598
0.628312 23 0.999598
0.627925 23 0.999599
0.627732 23 0.999599
0.627538 23 0.999599
0.627345 23 0.9996
0.626958 23 0.9996
0.626571 23 0.999602
0.626378 23 0.999602
0.626184 23 0.999603
0.625991 23 0.999603
0.625798 23 0.999603
0.625411 23 0.999604
0.625218 23 0.999604
0.625024 23 0.999605
0.624831 23 0.999605
0.624637 23 0.999605
0.624444 23 0.999605
0.624251 23 0.999606
0.624057 23 0.999607
0.623864 23 0.999607
0.62367 23 0.999607
0.62309 23 0.999608
0.622897 23 0.999608
0.622317 23 0.999608
0.622123 23 0.999608
0.62193 23 0.999609
0.621737 23 0.99961
0.621543 23 0.99961
0.62135 23 0.99961
0.621156 23 0.99961
0.620963 22 0.999611
0.62077 22 0.999611
0.620576 22 0.999611
0.620383 22 0.999612
0.62019 22 0.999612
0.619996 22 0.999612
0.619803 22 0.999613
0.619609 22 0.999613
0.619416 22 0.999613
0.619416 21 0.999613
0.619029 21 0.999613
0.618642 21 0.999614
0.618449 21 0.999614
0.618256 21 0.999614
0.618062 21 0.999615
0.617869 21 0.999615
0.617482 21 0.999615
0.617095 21 0.999615
0.616902 21 0.999615
0.616709 21 0.999615
0.616515 21 0.999615
0.616322 21 0.999616
0.616128 21 0.999616
0.616128 20 0.999617
0.615935 20 0.999617
0.615548 20 0.999618
0.615355 20 0.999618
0.615161 20 0.999619
0.614968 20 0.999619
0.614775 20 0.999619
0.614388 20 0.999619
0.614195 20 0.999619
0.614001 20 0.99962
0.613614 20 0.99962
0.613421 20 0.99962
0.613228 20 0.99962
0.613034 20 0.99962
0.613034 19 0.999621
0.612841 19 0.999621
0.612454 19 0.999621
0.612261 19 0.999622
0.612067 19 0.999623
0.611681 19 0.999623
0.611487 19 0.999623
0.6111 19 0.999623
0.610714 19 0.999624
0.61052 19 0.999624
0.610133 19 0.999624
0.60994 19 0.999624
0.609553 19 0.999624
0.60936 19 0.999625
0.609167 19 0.999625
0.60878 19 0.999626
0.608586 19 0.999626
0.6082 19 0.999626
0.608006 19 0.999626
0.607813 19 0.999627
0.607426 19 0.999627
0.607039 19 0.999627
0.606846 19 0.999628
0.606846 18 0.999628
0.606459 18 0.999628
0.606266 18 0.999628
0.606072 18 0.999628
0.605879 18 0.999629
0.605686 18 0.999629
0.605492 18 0.999629
0.605299 18 0.99963
0.605105 18 0.999631
0.604912 18 0.999631
0.604525 18 0.999631
0.604332 18 0.999631
0.604138 18 0.999632
0.603945 18 0.999632
0.603752 18 0.999632
0.603558 18 0.999633
0.603365 18 0.999633
0.602978 18 0.999633
0.602785 18 0.999634
0.602591 18 0.999634
0.602398 18 0.999635
0.602205 18 0.999635
0.602011 18 0.999635
0.601818 18 0.999635
0.601624 18 0.999635
0.601238 18 0.999635
0.601044 18 0.999635
0.600851 18 0.999636
0.600658 18 0.999636
0.600464 18 0.999637
0.600077 18 0.999637
0.599884 17 0.999637
0.599691 17 0.999637
0.599497 17 0.999637
0.599304 17 0.999638
0.59911 17 0.999638
0.598724 17 0.999638
0.59853 17 0.999638
0.598337 17 0.999638
0.598143 17 0.999639
0.59795 17 0.999639
0.597757 17 0.999639
0.597563 17 0.999639
0.59737 17 0.999639
0.597177 17 0.99964
0.596983 17 0.99964
0.59679 17 0.99964
0.596596 17 0.99964
0.596403 17 0.99964
0.59621 17 0.999641
0.596016 17 0.999641
0.595823 17 0.999641
0.595629 17 0.999642
0.595436 17 0.999642
0.595243 17 0.999642
0.595049 17 0.999642
0.594856 17 0.999642
0.594276 17 0.999642
0.594082 17 0.999642
0.593889 17 0.999643
0.593696 17 0.999643
0.593502 17 0.999643
0.593309 17 0.999643
0.593115 17 0.999643
0.592729 17 0.999644
0.592342 17 0.999644
0.592149 17 0.999645
0.591762 17 0.999645
0.591568 17 0.999645
0.591375 17 0.999645
0.590795 17 0.999645
0.590601 17 0.999645
0.590215 17 0.999646
0.590215 16 0.999646
0.590021 16 0.999646
0.589828 16 0.999647
0.589828 14 0.999647
0.589635 14 0.999647
0.589441 14 0.999647
0.589248 14 0.999648
0.589054 14 0.999648
0.588861 14 0.999648
0.588668 14 0.999648
0.588281 14 0.999649
0.588087 14 0.99965
0.587701 14 0.999651
0.587507 14 0.999651
0.58712 14 0.999651
0.586734 14 0.999651
0.58654 14 0.999651
0.586154 14 0.999652
0.585573 14 0.999652
0.58538 14 0.999652
0.5848 14 0.999652
0.584413 14 0.999652
0.58422 14 0.999653
0.583833 14 0.999653
0.58364 14 0.999654
0.583446 14 0.999654
0.583253 14 0.999654
0.583059 14 0.999655
0.582479 13 0.999655
0.582286 13 0.999655
0.581899 13 0.999655
0.581706 13 0.999655
0.581512 13 0.999656
0.581319 13 0.999656
0.581126 13 0.999656
0.580545 13 0.999657
0.580352 13 0.999657
0.579965 13 0.999657
0.579772 13 0.999658
0.579578 13 0.999658
0.579192 13 0.999659
0.578998 13 0.999659
0.578805 13 0.999659
0.578418 13 0.999659
0.578031 13 0.999659
0.577838 13 0.99966
0.577258 13 0.99966
0.577064 13 0.99966
0.576871 13 0.99966
0.576678 13 0.999661
0.576484 13 0.999661
0.576097 13 0.999661
0.575904 13 0.999661
0.575711 13 0.999662
0.575517 13 0.999662
0.575324 13 0.999662
0.574937 13 0.999663
0.574744 13 0.999663
0.57455 13 0.999663
0.574357 13 0.999663
0.574164 13 0.999663
0.57397 13 0.999663
0.573777 13 0.999663
0.573583 13 0.999664
0.57339 13 0.999664
0.573003 13 0.999664
0.57281 13 0.999664
0.572617 13 0.999665
0.57223 13 0.999665
0.572036 13 0.999665
0.571843 13 0.999665
0.57165 13 0.999665
0.571456 13 0.999666
0.571263 13 0.999666
0.571069 13 0.999666
0.570683 13 0.999666
0.570489 13 0.999667
0.570296 13 0.999667
0.570102 13 0.999667
0.569909 13 0.999668
0.569522 13 0.999668
0.569329 13 0.999668
0.569136 13 0.999669
0.568749 13 0.999669
0.568555 13 0.999669
0.568362 13 0.999669
0.567975 13 0.999669
0.567782 13 0.99967
0.567395 13 0.99967
0.566815 13 0.99967
0.566428 13 0.99967
0.566235 13 0.999671
0.566041 13 0.999671
0.565848 13 0.999671
0.565655 13 0.999672
0.565268 13 0.999672
0.564881 13 0.999673
0.564688 13 0.999673
0.564301 13 0.999673
0.563914 13 0.999673
0.563527 13 0.999673
0.563334 13 0.999674
0.563141 13 0.999674
0.562754 13 0.999674
0.56256 13 0.999674
0.562367 13 0.999675
0.562174 13 0.999675
0.561787 13 0.999676
0.561594 13 0.999676
0.5614 13 0.999676
0.561207 13 0.999676
0.560627 13 0.999676
0.560433 13 0.999676
0.559853 13 0.999677
0.55966 13 0.999677
0.559466 13 0.999677
0.558886 13 0.999678
0.558693 13 0.999678
0.558113 13 0.999678
0.557919 13 0.999678
0.557532 13 0.999679
0.557339 13 0.999679
0.557146 13 0.999679
0.556952 13 0.99968
0.556759 13 0.99968
0.556372 13 0.99968
0.555985 13 0.999681
0.555792 13 0.999681
0.555405 13 0.999681
0.554825 13 0.999681
0.554632 13 0.999681
0.554438 13 0.999683
0.554245 13 0.999683
0.554051 13 0.999683
0.553665 13 0.999684
0.553278 13 0.999684
0.552891 13 0.999684
0.552698 13 0.999684
0.552504 13 0.999685
0.552311 13 0.999685
0.552118 13 0.999685
0.551924 13 0.999685
0.551537 13 0.999686
0.551344 13 0.999686
0.551151 13 0.999686
0.550957 13 0.999687
0.55057 13 0.999687
0.550184 13 0.999687
0.54999 13 0.999687
0.549797 13 0.999688
0.54941 13 0.999688
0.549217 13 0.999688
0.549023 13 0.999688
0.54883 13 0.999688
0.548637 13 0.999688
0.54825 13 0.999689
0.547863 13 0.999689
0.54767 13 0.999689
0.547283 13 0.999689
0.546896 13 0.999689
0.546703 13 0.999689
0.546509 13 0.99969
0.546123 13 0.99969
0.545736 13 0.99969
0.545542 13 0.999691
0.545156 13 0.999692
0.544962 13 0.999692
0.544576 13 0.999692
0.544382 13 0.999693
0.544189 13 0.999693
0.543802 13 0.999693
0.543609 13 0.999693
0.543028 13 0.999693
0.542835 13 0.999694
0.542642 13 0.999694
0.542255 13 0.999694
0.542061 13 0.999694
0.541868 13 0.999694
0.541675 13 0.999695
0.541481 13 0.999695
0.540708 13 0.999695
0.540514 13 0.999695
0.540321 13 0.999696
0.539934 13 0.999696
0.539741 13 0.999696
0.539354 13 0.999696
0.538967 13 0.999696
0.538 13 0.999697
0.537614 13 0.999697
0.53742 13 0.999697
0.537227 13 0.999697
0.537033 13 0.999697
0.53684 13 0.999698
0.536647 13 0.999698
0.536453 13 0.999698
0.536067 13 0.999698
0.535873 13 0.999698
0.53568 13 0.999699
0.535293 13 0.999699
0.5351 13 0.9997
0.534906 13 0.9997
0.534713 13 0.9997
0.534519 13 0.9997
0.534326 13 0.9997
0.533939 13 0.999701
0.533746 13 0.999701
0.533359 13 0.999702
0.533166 13 0.999702
0.532779 13 0.999703
0.532586 13 0.999703
0.532199 13 0.999703
0.531812 13 0.999704
0.531619 13 0.999705
0.531425 13 0.999705
0.531038 13 0.999705
0.530652 13 0.999706
0.530458 13 0.999706
0.530265 13 0.999706
0.530072 13 0.999706
0.529878 13 0.999707
0.529105 13 0.999707
0.528911 13 0.999707
0.528524 13 0.999707
0.528331 13 0.999707
0.528138 13 0.999707
0.527944 13 0.999708
0.527751 13 0.999708
0.527364 13 0.999708
0.527171 13 0.999708
0.526784 13 0.999708
0.526591 13 0.999709
0.526397 13 0.999709
0.52601 13 0.999709
0.525817 13 0.999709
0.525624 13 0.999709
0.525237 13 0.999709
0.525044 13 0.99971
0.524657 13 0.99971
0.52427 13 0.999711
0.523883 13 0.999711
0.52369 13 0.999711
0.523496 13 0.999711
0.523496 12 0.999711
0.523303 12 0.999712
0.52311 12 0.999712
0.522916 12 0.999712
0.522336 12 0.999712
0.522143 12 0.999712
0.521949 12 0.999713
0.521176 12 0.999713
0.520982 12 0.999713
0.520596 12 0.999713
0.520402 12 0.999713
0.519822 12 0.999713
0.519629 12 0.999714
0.519435 12 0.999714
0.519242 12 0.999714
0.519049 12 0.999714
0.518662 12 0.999714
0.518468 12 0.999715
0.518275 12 0.999715
0.518082 12 0.999715
0.517888 12 0.999715
0.517308 12 0.999716
0.517115 12 0.999716
0.516921 12 0.999716
0.516341 12 0.999716
0.516148 12 0.999717
0.515761 12 0.999717
0.515374 12 0.999718
0.515181 12 0.999718
0.514794 12 0.999718
0.514214 12 0.999718
0.51402 12 0.999718
0.513827 12 0.999718
0.513634 12 0.999719
0.51344 12 0.999719
0.513247 12 0.999719
0.513054 12 0.999719
0.51286 12 0.999719
0.512087 12 0.99972
0.5117 12 0.99972
0.511313 12 0.99972
0.510926 12 0.99972
0.510733 12 0.99972
0.51054 12 0.999721
0.509766 12 0.999721
0.509573 12 0.999721
0.509379 12 0.999721
0.508992 12 0.999722
0.508799 12 0.999722
0.508606 12 0.999722
0.508412 12 0.999722
0.508219 12 0.999722
0.507832 12 0.999722
0.507639 12 0.999722
0.507059 12 0.999723
0.506865 12 0.999723
0.506672 12 0.999723
0.506478 12 0.999723
0.506285 12 0.999723
0.506092 12 0.999723
0.505898 12 0.999724
0.505705 12 0.999724
0.505512 12 0.999724
0.505318 12 0.999724
0.505125 12 0.999724
0.504931 12 0.999724
0.504738 11 0.999725
0.504545 11 0.999725
0.504351 11 0.999725
0.503964 11 0.999725
0.503771 11 0.999726
0.503578 11 0.999726
0.503191 11 0.999726
0.502804 11 0.999726
0.502611 11 0.999726
0.502417 11 0.999726
0.502224 11 0.999727
0.501837 11 0.999727
0.50145 11 0.999727
0.50087 11 0.999728
0.500677 11 0.999728
0.500483 11 0.999728
0.50029 11 0.999728
0.500097 11 0.999728
0.49971 11 0.999728
0.499517 11 0.999729
0.499323 11 0.999729
0.49913 11 0.999729
0.498936 11 0.99973
0.498743 11 0.99973
0.49855 11 0.99973
0.498163 11 0.99973
0.497969 11 0.999731
0.497776 11 0.999731
0.497196 11 0.999731
0.496616 11 0.999731
0.496036 11 0.999731
0.495842 11 0.999731
0.495649 11 0.999732
0.495455 11 0.999732
0.495262 11 0.999732
0.494875 11 0.999732
0.494682 11 0.999732
0.494488 11 0.999733
0.494295 11 0.999733
0.493908 11 0.999733
0.493715 11 0.999734
0.493522 11 0.999734
0.493328 11 0.999734
0.493135 11 0.999734
0.492941 11 0.999734
0.492555 11 0.999734
0.492361 11 0.999735
0.491781 11 0.999735
0.491588 11 0.999735
0.491201 11 0.999735
0.491008 11 0.999735
0.490814 11 0.999735
0.490621 11 0.999736
0.490427 11 0.999736
0.489847 11 0.999736
0.489654 11 0.999736
0.48946 11 0.999736
0.489267 11 0.999737
0.488687 11 0.999737
0.4883 11 0.999737
0.488107 11 0.999738
0.487913 11 0.999738
0.487527 11 0.999738
0.48714 11 0.999738
0.486753 11 0.999738
0.486366 11 0.999738
0.48598 11 0.999739
0.485786 11 0.999739
0.485013 11 0.999739
0.484626 11 0.99974
0.484432 11 0.99974
0.484239 11 0.99974
0.484046 11 0.999741
0.483659 11 0.999741
0.483465 11 0.999741
0.483272 11 0.999741
0.482885 11 0.999741
0.482499 11 0.999741
0.482305 11 0.999741
0.481725 11 0.999742
0.481532 11 0.999742
0.481145 11 0.999742
0.480951 11 0.999742
0.480758 11 0.999742
0.480565 11 0.999743
0.480178 11 0.999743
0.479985 11 0.999743
0.479598 11 0.999743
0.479404 11 0.999743
0.479211 11 0.999743
0.479018 11 0.999744
0.478824 11 0.999744
0.478631 11 0.999744
0.478437 11 0.999744
0.478051 11 0.999744
0.477857 11 0.999745
0.477471 11 0.999745
0.477084 11 0.999745
0.476504 11 0.999745
0.47631 11 0.999745
0.475923 11 0.999746
0.475537 11 0.999746
0.47515 11 0.999746
0.474956 11 0.999746
0.474763 11 0.999746
0.474376 11 0.999746
0.47399 11 0.999747
0.473796 11 0.999747
0.473603 11 0.999747
0.473409 11 0.999747
0.473023 11 0.999748
0.472829 11 0.999748
0.472636 11 0.999748
0.472249 11 0.999748
0.472056 11 0.999748
0.471669 11 0.999748
0.471282 11 0.999749
0.471089 11 0.999749
0.470702 11 0.999749
0.470509 11 0.999749
0.470315 11 0.999749
0.469928 11 0.999749
0.469735 11 0.99975
0.469542 11 0.99975
0.469348 11 0.99975
0.468962 11 0.99975
0.468188 11 0.99975
0.467995 11 0.99975
0.467801 11 0.99975
0.467221 11 0.999751
0.467028 11 0.999751
0.466447 11 0.999751
0.466254 11 0.999751
0.465867 11 0.999751
0.465674 11 0.999752
0.465481 11 0.999752
0.465094 11 0.999752
0.4649 11 0.999752
0.464707 11 0.999753
0.464514 11 0.999753
0.46432 11 0.999753
0.463933 11 0.999754
0.46374 11 0.999754
0.463547 11 0.999754
0.46316 11 0.999754
0.462967 11 0.999754
0.46258 11 0.999754
0.462193 11 0.999754
0.461806 11 0.999754
0.461613 11 0.999755
0.461419 11 0.999755
0.461226 11 0.999755
0.461033 11 0.999755
0.460839 11 0.999756
0.460646 11 0.999756
0.460259 11 0.999756
0.460066 11 0.999756
0.459872 11 0.999756
0.459486 11 0.999756
0.459099 11 0.999757
0.458905 11 0.999757
0.458712 11 0.999757
0.458325 11 0.999757
0.458132 11 0.999757
0.457939 11 0.999758
0.457552 11 0.999758
0.457165 11 0.999758
0.456778 11 0.999758
0.456391 11 0.999758
0.456198 11 0.999759
0.455618 11 0.999759
0.455424 11 0.999759
0.454844 11 0.99976
0.454264 11 0.99976
0.454264 10 0.99976
0.454071 10 0.99976
0.453877 10 0.99976
0.453684 10 0.99976
0.453297 10 0.99976
0.45291 10 0.999761
0.452524 10 0.999761
0.45233 10 0.999761
0.452137 10 0.999761
0.45175 10 0.999761
0.451557 10 0.999761
0.451363 10 0.999762
0.45117 10 0.999762
0.45059 10 0.999762
0.450396 10 0.999763
0.450203 10 0.999763
0.449816 10 0.999763
0.449623 10 0.999763
0.449236 10 0.999763
0.449043 10 0.999764
0.448656 10 0.999764
0.448269 10 0.999764
0.447882 10 0.999764
0.447689 10 0.999764
0.447496 10 0.999765
0.447109 10 0.999765
0.446722 10 0.999765
0.446529 10 0.999765
0.446142 10 0.999765
0.445755 10 0.999765
0.445368 10 0.999765
0.444982 10 0.999766
0.444595 10 0.999766
0.444401 10 0.999766
0.444208 10 0.999766
0.444015 10 0.999766
0.443821 10 0.999766
0.443241 10 0.999766
0.442854 10 0.999766
0.442274 10 0.999767
0.441887 10 0.999767
0.441694 10 0.999767
0.441501 10 0.999767
0.441307 9 0.999767
0.441114 9 0.999767
0.440534 9 0.999767
0.440147 9 0.999767
0.439954 9 0.999767
0.43976 9 0.999768
0.439373 9 0.999768
0.438793 9 0.999768
0.4386 9 0.999768
0.438406 9 0.999768
0.43802 9 0.999768
0.437826 9 0.999768
0.437633 9 0.999769
0.437246 9 0.999769
0.437053 9 0.999769
0.436666 9 0.999769
0.436279 9 0.999769
0.435892 9 0.999769
0.435699 9 0.99977
0.435506 9 0.99977
0.434732 9 0.99977
0.434539 9 0.99977
0.434152 9 0.99977
0.433959 9 0.99977
0.433765 9 0.99977
0.433378 9 0.999771
0.433185 9 0.999771
0.432992 9 0.999771
0.432798 9 0.999771
0.432605 9 0.999771
0.432412 9 0.999771
0.432218 9 0.999772
0.432025 9 0.999772
0.431831 9 0.999772
0.431638 9 0.999772
0.431445 9 0.999772
0.430864 9 0.999773
0.430671 9 0.999773
0.430091 9 0.999773
0.429511 9 0.999773
0.429124 9 0.999773
0.428931 9 0.999774
0.428737 9 0.999774
0.428544 9 0.999774
0.42835 9 0.999774
0.42777 9 0.999774
0.427577 9 0.999774
0.427383 9 0.999775
0.42719 9 0.999775
0.426997 9 0.999775
0.426417 9 0.999775
0.426223 9 0.999775
0.42603 9 0.999775
0.425836 9 0.999775
0.425643 9 0.999776
0.42545 9 0.999776
0.425256 9 0.999776
0.425063 9 0.999776
0.424483 9 0.999776
0.424096 9 0.999776
0.423709 9 0.999776
0.423322 9 0.999777
0.423129 9 0.999777
0.422936 9 0.999777
0.422742 9 0.999777
0.422355 9 0.999777
0.422162 9 0.999777
0.421969 9 0.999777
0.421775 9 0.999778
0.421389 9 0.999778
0.421195 9 0.999778
0.420808 9 0.999778
0.420615 9 0.999778
0.420422 9 0.999779
0.420228 9 0.999779
0.419648 9 0.999779
0.419455 9 0.999779
0.419261 9 0.99978
0.419068 9 0.99978
0.418681 9 0.99978
0.418488 9 0.99978
0.417908 9 0.99978
0.417714 9 0.99978
0.417134 9 0.99978
0.416747 9 0.999781
0.416167 9 0.999781
0.415587 9 0.999781
0.415394 9 0.999781
0.415007 9 0.999781
0.414813 9 0.999781
0.414427 8 0.999781
0.41404 8 0.999781
0.413846 8 0.999782
0.41346 8 0.999782
0.413266 8 0.999782
0.413073 8 0.999782
0.412299 8 0.999782
0.412106 8 0.999783
0.411913 8 0.999783
0.411719 8 0.999783
0.411526 8 0.999783
0.411139 8 0.999783
0.410752 8 0.999783
0.410559 8 0.999783
0.410365 8 0.999784
0.410172 8 0.999784
0.409785 8 0.999784
0.409399 8 0.999784
0.409205 8 0.999784
0.408818 8 0.999785
0.408625 8 0.999785
0.408432 8 0.999785
0.408238 8 0.999785
0.407658 8 0.999785
0.407465 8 0.999785
0.406885 8 0.999785
0.406498 8 0.999785
0.406111 8 0.999785
0.405724 8 0.999786
0.405144 8 0.999786
0.404757 8 0.999786
0.404371 8 0.999786
0.404177 8 0.999786
0.403597 8 0.999787
0.403404 8 0.999787
0.40321 8 0.999787
0.402823 8 0.999787
0.40263 8 0.999787
0.402243 8 0.999787
0.401857 8 0.999788
0.401663 8 0.999788
0.401276 8 0.999788
0.40089 8 0.999788
0.400503 8 0.999788
0.400309 8 0.999788
0.400116 8 0.999789
0.399729 8 0.999789
0.398956 8 0.999789
0.398569 8 0.999789
0.398182 8 0.999789
0.397795 8 0.999789
0.397602 8 0.99979
0.397409 8 0.99979
0.397215 8 0.99979
0.397022 8 0.99979
0.396635 8 0.99979
0.396442 8 0.99979
0.396055 8 0.99979
0.395668 8 0.999791
0.395088 8 0.999791
0.394895 8 0.999791
0.394701 8 0.999791
0.394121 8 0.999791
0.393928 8 0.999791
0.393541 8 0.999792
0.393348 8 0.999792
0.393154 8 0.999792
0.392767 8 0.999792
0.392574 8 0.999793
0.392187 8 0.999793
0.3918 8 0.999793
0.391414 8 0.999793
0.390447 8 0.999793
0.390253 8 0.999793
0.39006 8 0.999793
0.389867 8 0.999794
0.389093 7 0.999794
0.3889 7 0.999794
0.388706 7 0.999794
0.388513 7 0.999794
0.388319 7 0.999795
0.387739 7 0.999795
0.387159 7 0.999795
0.386966 7 0.999795
0.386386 7 0.999795
0.386192 7 0.999796
0.385999 7 0.999796
0.385612 7 0.999796
0.385419 7 0.999796
0.385225 7 0.999796
0.385032 7 0.999796
0.384839 7 0.999796
0.384645 7 0.999796
0.384452 7 0.999797
0.383872 7 0.999797
0.383678 7 0.999797
0.383485 7 0.999797
0.382905 7 0.999797
0.382325 7 0.999797
0.381744 7 0.999798
0.381551 7 0.999798
0.381358 7 0.999798
0.380971 7 0.999798
0.380584 7 0.999798
0.380391 7 0.999799
0.380197 7 0.999799
0.379617 7 0.999799
0.37923 7 0.999799
0.37865 7 0.999799
0.378457 7 0.9998
0.378263 7 0.9998
0.37807 7 0.9998
0.377683 7 0.9998
0.377296 7 0.9998
0.377103 7 0.999801
0.376716 7 0.999801
0.376136 7 0.999801
0.375943 7 0.999801
0.375363 7 0.999801
0.374976 7 0.999801
0.374589 7 0.999801
0.374202 7 0.999801
0.374009 7 0.999802
0.373816 7 0.999802
0.373042 7 0.999802
0.372849 7 0.999802
0.372462 7 0.999803
0.372075 7 0.999803
0.371495 7 0.999803
0.371301 7 0.999803
0.370915 7 0.999803
0.370721 7 0.999803
0.370528 7 0.999804
0.369948 7 0.999804
0.369561 7 0.999804
0.369174 7 0.999804
0.368981 7 0.999804
0.368401 7 0.999804
0.367821 7 0.999805
0.367047 7 0.999805
0.36666 7 0.999805
0.366467 7 0.999805
0.366273 7 0.999806
0.365693 7 0.999806
0.3655 7 0.999806
0.364726 7 0.999806
0.364533 7 0.999806
0.364146 7 0.999806
0.363953 7 0.999807
0.363566 7 0.999807
0.363179 7 0.999807
0.362986 7 0.999807
0.362792 7 0.999807
0.362599 7 0.999807
0.362406 7 0.999807
0.362019 7 0.999807
0.361632 7 0.999808
0.361439 7 0.999808
0.361245 7 0.999808
0.361052 7 0.999808
0.360665 7 0.999809
0.360472 7 0.999809
0.360278 7 0.999809
0.360085 7 0.999809
0.359892 7 0.99981
0.359698 7 0.99981
0.359505 7 0.999811
0.359312 7 0.999811
0.359118 7 0.999811
0.358538 7 0.999811
0.358345 7 0.999811
0.357378 7 0.999811
0.357184 7 0.999811
0.356604 7 0.999812
0.356217 7 0.999812
0.356024 7 0.999812
0.355831 7 0.999812
0.355637 7 0.999812
0.355057 7 0.999813
0.354477 7 0.999813
0.35409 7 0.999813
0.353897 7 0.999813
0.35351 7 0.999813
0.353123 7 0.999813
0.352736 7 0.999814
0.35235 7 0.999814
0.352156 7 0.999814
0.351769 7 0.999814
0.351576 7 0.999814
0.351383 7 0.999814
0.350996 7 0.999814
0.350609 7 0.999815
0.350416 7 0.999815
0.350029 7 0.999815
0.349642 7 0.999815
0.349255 7 0.999815
0.349062 7 0.999815
0.348675 7 0.999816
0.348482 7 0.999816
0.348095 7 0.999816
0.347708 7 0.999816
0.347322 7 0.999816
0.346935 7 0.999816
0.346548 7 0.999816
0.346355 7 0.999816
0.345968 7 0.999816
0.345775 7 0.999817
0.345581 7 0.999817
0.345001 7 0.999817
0.344808 7 0.999817
0.344614 7 0.999817
0.344421 7 0.999817
0.344034 7 0.999818
0.343841 7 0.999818
0.34326 7 0.999818
0.342874 7 0.999818
0.34268 7 0.999818
0.3421 7 0.999819
0.341907 7 0.999819
0.341713 7 0.999819
0.341133 7 0.999819
0.340746 7 0.999819
0.340166 7 0.999819
0.33978 7 0.99982
0.339393 7 0.99982
0.339199 7 0.999821
0.338813 7 0.999821
0.338426 7 0.999821
0.337459 7 0.999821
0.336879 7 0.999821
0.336299 7 0.999822
0.335912 7 0.999822
0.335525 7 0.999822
0.335332 7 0.999822
0.335138 7 0.999822
0.334945 7 0.999822
0.334558 7 0.999822
0.334365 7 0.999823
0.333591 7 0.999823
0.333011 7 0.999823
0.332431 7 0.999823
0.332237 7 0.999823
0.331464 7 0.999823
0.331077 7 0.999824
0.330884 7 0.999824
0.33069 7 0.999824
0.330497 7 0.999824
0.330304 7 0.999824
0.329917 7 0.999824
0.329723 7 0.999824
0.32953 7 0.999824
0.329337 7 0.999825
0.32895 7 0.999825
0.32837 7 0.999825
0.327983 7 0.999825
0.32779 7 0.999826
0.327596 7 0.999826
0.326823 7 0.999826
0.326629 7 0.999826
0.326049 7 0.999826
0.325662 7 0.999826
0.325469 7 0.999827
0.325276 7 0.999827
0.324889 7 0.999827
0.324115 7 0.999827
0.323922 7 0.999827
0.323535 7 0.999828
0.323342 7 0.999828
0.322955 7 0.999828
0.322762 7 0.999828
0.322375 7 0.999828
0.321988 7 0.999828
0.321795 7 0.999828
0.321021 7 0.999828
0.320828 7 0.999829
0.320441 7 0.999829
0.320054 7 0.999829
0.319667 7 0.999829
0.319281 7 0.999829
0.3187 7 0.999829
0.318314 7 0.999829
0.31812 6 0.99983
0.31754 6 0.99983
0.317347 6 0.99983
0.31696 6 0.99983
0.316767 6 0.999831
0.316573 6 0.999831
0.316186 5 0.999831
0.3158 5 0.999831
0.315606 5 0.999831
0.315413 5 0.999831
0.315026 5 0.999832
0.314833 5 0.999832
0.314059 5 0.999832
0.313866 5 0.999832
0.313479 5 0.999832
0.312899 5 0.999833
0.312705 5 0.999833
0.312319 5 0.999833
0.311739 5 0.999833
0.311158 5 0.999833
0.310578 5 0.999834
0.309998 5 0.999834
0.309805 5 0.999834
0.309225 5 0.999834
0.308838 5 0.999834
0.308644 5 0.999835
0.308451 5 0.999835
0.308064 5 0.999835
0.307484 5 0.999835
0.307291 5 0.999835
0.306904 5 0.999835
0.306711 5 0.999836
0.306324 5 0.999836
0.305937 5 0.999836
0.30555 5 0.999836
0.305357 5 0.999836
0.305163 5 0.999836
0.30497 5 0.999837
0.304777 5 0.999837
0.304583 5 0.999837
0.30439 5 0.999837
0.304003 5 0.999837
0.30381 5 0.999837
0.302843 5 0.999837
0.302456 5 0.999838
0.302069 5 0.999838
0.301489 5 0.999838
0.301102 5 0.999838
0.300909 5 0.999838
0.300716 5 0.999838
0.300522 5 0.999839
0.300329 5 0.999839
0.300135 5 0.999839
0.299942 5 0.999839
0.299555 5 0.999839
0.298975 5 0.99984
0.298588 5 0.99984
0.298008 5 0.99984
0.297815 5 0.99984
0.297428 5 0.99984
0.297235 5 0.999841
0.296848 5 0.999841
0.296268 5 0.999841
0.296074 5 0.999841
0.295494 4 0.999841
0.294914 4 0.999841
0.29414 4 0.999842
0.293947 4 0.999842
0.293754 4 0.999842
0.29356 4 0.999842
0.293367 4 0.999842
0.29298 4 0.999842
0.292787 4 0.999842
0.2924 4 0.999842
0.292207 4 0.999843
0.29182 4 0.999843
0.291626 4 0.999843
0.29124 4 0.999843
0.291046 4 0.999843
0.290659 4 0.999843
0.290466 4 0.999843
0.290079 4 0.999843
0.289693 4 0.999844
0.289306 4 0.999844
0.288919 4 0.999844
0.288726 3 0.999844
0.288532 3 0.999844
0.288339 3 0.999844
0.288145 3 0.999844
0.287952 3 0.999845
0.287565 3 0.999845
0.287178 3 0.999845
0.286985 3 0.999845
0.286792 3 0.999845
0.286018 3 0.999845
0.285825 3 0.999845
0.285631 3 0.999846
0.285245 3 0.999846
0.285051 3 0.999846
0.284858 3 0.999846
0.284471 3 0.999846
0.284084 3 0.999846
0.283891 3 0.999846
0.283698 3 0.999846
0.283504 3 0.999847
0.283117 3 0.999847
0.282924 3 0.999847
0.282731 3 0.999847
0.282344 3 0.999847
0.281957 3 0.999848
0.28157 3 0.999848
0.28099 3 0.999848
0.28041 3 0.999848
0.279636 3 0.999848
0.279443 3 0.999848
0.278863 3 0.999848
0.277896 3 0.999849
0.277316 3 0.999849
0.276736 3 0.999849
0.276542 3 0.999849
0.276349 3 0.999849
0.275962 3 0.999849
0.275382 3 0.99985
0.275189 3 0.99985
0.274608 3 0.99985
0.274222 3 0.99985
0.273641 3 0.99985
0.273255 3 0.99985
0.272868 3 0.99985
0.272675 3 0.999851
0.272481 3 0.999851
0.272094 3 0.999851
0.271901 3 0.999851
0.271708 3 0.999851
0.271321 3 0.999851
0.270934 3 0.999852
0.270354 3 0.999852
0.270161 3 0.999852
0.269774 3 0.999852
0.269194 3 0.999852
0.268807 3 0.999853
0.26842 3 0.999853
0.267453 3 0.999853
0.267066 3 0.999853
0.26668 3 0.999853
0.266486 3 0.999853
0.265906 3 0.999853
0.265519 3 0.999853
0.265326 3 0.999854
0.265132 3 0.999854
0.264746 3 0.999854
0.264359 3 0.999854
0.263585 3 0.999855
0.263005 3 0.999855
0.262812 3 0.999855
0.262618 3 0.999855
0.262232 3 0.999855
0.261845 3 0.999855
0.261265 3 0.999855
0.260878 3 0.999855
0.260104 3 0.999856
0.259718 3 0.999856
0.259137 3 0.999856
0.258751 3 0.999856
0.258364 3 0.999856
0.257977 3 0.999856
0.257784 3 0.999856
0.257397 3 0.999857
0.257204 3 0.999857
0.25701 3 0.999857
0.256817 3 0.999857
0.256623 3 0.999857
0.25643 3 0.999858
0.256237 3 0.999858
0.256043 3 0.999858
0.25585 3 0.999858
0.255076 3 0.999858
0.254496 3 0.999858
0.254109 3 0.999858
0.253723 3 0.999858
0.253529 3 0.999859
0.252949 3 0.999859
0.252369 3 0.999859
0.251789 3 0.999859
0.251402 3 0.999859
0.250822 3 0.999859
0.250629 3 0.999859
0.250435 3 0.99986
0.250242 3 0.99986
0.250048 3 0.99986
0.249662 3 0.99986
0.249468 3 0.99986
0.248888 3 0.99986
0.248501 3 0.99986
0.248114 3 0.999861
0.247534 3 0.999861
0.246954 3 0.999861
0.246761 3 0.999861
0.245794 3 0.999861
0.244634 3 0.999862
0.24444 3 0.999862
0.244053 3 0.999862
0.243667 3 0.999862
0.243473 3 0.999862
0.242893 3 0.999862
0.2427 3 0.999862
0.242313 3 0.999863
0.241926 3 0.999863
0.241733 3 0.999863
0.241539 3 0.999863
0.241153 3 0.999863
0.240572 3 0.999863
0.239992 3 0.999863
0.239605 3 0.999864
0.239025 3 0.999864
0.238639 3 0.999864
0.238252 3 0.999864
0.237865 3 0.999864
0.237672 3 0.999864
0.237478 3 0.999864
0.236511 3 0.999865
0.236318 3 0.999865
0.235738 3 0.999865
0.235544 3 0.999865
0.235158 3 0.999865
0.234384 3 0.999865
0.233997 3 0.999865
0.23303 3 0.999865
0.232837 3 0.999866
0.23245 3 0.999866
0.232257 3 0.999866
0.231677 3 0.999866
0.231483 3 0.999866
0.231096 3 0.999866
0.230323 3 0.999866
0.23013 3 0.999866
0.229743 3 0.999867
0.229549 3 0.999867
0.228969 3 0.999867
0.228196 3 0.999867
0.227616 3 0.999867
0.227229 3 0.999867
0.226842 3 0.999867
0.226649 3 0.999867
0.226262 3 0.999868
0.226068 3 0.999868
0.225682 3 0.999868
0.225295 3 0.999868
0.224908 3 0.999868
0.224521 3 0.999868
0.224135 3 0.999869
0.223554 3 0.999869
0.222781 3 0.999869
0.222201 3 0.999869
0.221814 3 0.999869
0.221427 3 0.999869
0.220847 3 0.999869
0.220654 3 0.999869
0.220267 3 0.99987
0.21988 3 0.99987
0.219493 3 0.99987
0.21814 3 0.99987
0.217366 3 0.99987
0.217173 3 0.99987
0.216979 3 0.999871
0.216593 3 0.999871
0.216399 3 0.999871
0.215626 3 0.999871
0.215432 3 0.999871
0.215239 3 0.999872
0.215045 3 0.999872
0.214272 3 0.999872
0.213692 3 0.999872
0.213498 3 0.999872
0.212918 3 0.999872
0.212725 3 0.999873
0.212145 3 0.999873
0.211758 3 0.999873
0.211564 3 0.999873
0.210984 3 0.999873
0.210598 3 0.999873
0.210404 3 0.999874
0.209824 3 0.999874
0.209244 3 0.999874
0.20905 3 0.999874
0.208664 3 0.999874
0.20847 3 0.999874
0.208277 3 0.999874
0.207503 3 0.999875
0.207117 3 0.999875
0.206923 3 0.999875
0.20673 3 0.999875
0.206536 3 0.999875
0.20615 3 0.999875
0.205956 3 0.999875
0.20557 3 0.999875
0.205376 3 0.999876
0.205183 3 0.999876
0.204603 3 0.999876
0.204409 3 0.999876
0.203636 3 0.999876
0.203056 3 0.999876
0.202282 3 0.999876
0.202089 3 0.999876
0.201315 3 0.999877
0.201122 3 0.999877
0.200928 3 0.999877
0.200735 3 0.999877
0.199575 3 0.999877
0.199381 3 0.999877
0.199188 3 0.999878
0.198608 3 0.999878
0.198221 3 0.999878
0.197641 3 0.999878
0.197254 3 0.999878
0.197061 3 0.999879
0.196867 3 0.999879
0.196287 3 0.999879
0.195707 3 0.999879
0.19532 3 0.999879
0.194933 3 0.999879
0.194547 3 0.999879
0.194353 3 0.999879
0.19416 3 0.99988
0.19358 3 0.99988
0.193386 3 0.99988
0.193193 3 0.99988
0.192999 3 0.99988
0.192419 3 0.99988
0.192032 3 0.999881
0.191259 3 0.999881
0.190872 3 0.999881
0.190485 3 0.999881
0.190292 3 0.999881
0.189712 3 0.999881
0.188938 3 0.999881
0.188745 3 0.999882
0.188552 3 0.999882
0.188358 3 0.999882
0.187971 3 0.999882
0.187778 3 0.999882
0.187585 3 0.999882
0.187004 3 0.999883
0.186811 3 0.999883
0.186231 3 0.999883
0.185457 3 0.999883
0.184877 3 0.999883
0.184684 3 0.999884
0.18449 3 0.999884
0.18391 3 0.999884
0.183523 3 0.999885
0.18333 3 0.999885
0.182943 3 0.999885
0.182557 3 0.999885
0.18217 3 0.999885
0.181783 3 0.999885
0.181396 3 0.999885
0.180623 3 0.999885
0.180043 3 0.999886
0.179849 3 0.999886
0.179269 3 0.999886
0.178689 3 0.999886
0.178302 3 0.999886
0.177722 3 0.999886
0.177335 3 0.999886
0.176755 3 0.999887
0.176368 3 0.999887
0.175788 3 0.999887
0.175208 3 0.999887
0.175015 3 0.999887
0.174241 3 0.999887
0.173854 3 0.999887
0.173274 3 0.999887
0.172307 3 0.999887
0.171534 3 0.999888
0.171147 3 0.999888
0.17076 3 0.999888
0.170373 3 0.999888
0.169986 3 0.999888
0.1696 3 0.999888
0.169213 3 0.999888
0.168826 3 0.999889
0.168246 3 0.999889
0.167666 3 0.999889
0.167472 3 0.999889
0.167086 3 0.999889
0.166892 3 0.999889
0.166699 3 0.999889
0.166312 3 0.999889
0.165925 3 0.999889
0.165539 3 0.99989
0.165345 3 0.99989
0.164765 3 0.99989
0.164572 3 0.99989
0.164378 3 0.99989
0.163798 3 0.99989
0.163218 3 0.99989
0.163025 3 0.999891
0.161864 3 0.999891
0.161477 3 0.999891
0.161284 3 0.999891
0.161091 3 0.999891
0.160897 3 0.999891
0.160511 3 0.999891
0.160317 3 0.999892
0.15993 3 0.999892
0.158963 3 0.999892
0.15877 3 0.999892
0.158577 3 0.999892
0.157997 3 0.999892
0.157803 3 0.999892
0.15761 3 0.999892
0.156836 3 0.999892
0.156256 3 0.999893
0.156063 3 0.999893
0.155482 3 0.999893
0.154902 3 0.999893
0.154709 3 0.999893
0.153742 3 0.999893
0.153549 3 0.999893
0.152582 3 0.999894
0.152002 3 0.999894
0.151808 3 0.999894
0.151615 3 0.999894
0.151421 3 0.999894
0.151035 3 0.999894
0.150454 3 0.999895
0.150261 3 0.999895
0.150068 3 0.999895
0.149874 3 0.999895
0.149294 3 0.999895
0.148327 3 0.999895
0.147167 3 0.999896
0.146587 3 0.999896
0.1462 3 0.999896
0.145813 3 0.999896
0.145426 3 0.999896
0.14504 3 0.999896
0.144846 3 0.999897
0.144073 3 0.999897
0.143686 3 0.999897
0.143106 3 0.999897
0.142526 3 0.999897
0.141945 3 0.999897
0.141559 3 0.999897
0.140979 3 0.999897
0.140785 3 0.999897
0.139818 3 0.999898
0.139625 3 0.999898
0.139431 3 0.999898
0.138271 3 0.999898
0.137691 3 0.999898
0.137498 3 0.999899
0.137304 3 0.999899
0.137111 3 0.999899
0.136531 3 0.999899
0.135564 3 0.999899
0.134597 3 0.999899
0.133436 3 0.999899
0.13305 3 0.999899
0.132856 3 0.9999
0.13247 3 0.9999
0.132276 3 0.9999
0.131889 3 0.9999
0.131503 3 0.9999
0.131309 3 0.9999
0.130729 3 0.9999
0.130342 3 0.9999
0.130149 3 0.999901
0.129762 3 0.999901
0.129375 3 0.999901
0.128602 3 0.999901
0.127828 3 0.999901
0.127635 3 0.999901
0.127442 3 0.999901
0.126861 3 0.999902
0.126281 3 0.999902
0.125894 3 0.999902
0.125701 3 0.999902
0.125314 3 0.999902
0.124927 3 0.999902
0.124347 3 0.999902
0.123961 3 0.999903
0.123767 3 0.999903
0.123574 3 0.999903
0.122607 3 0.999903
0.122027 3 0.999903
0.12164 3 0.999903
0.121253 3 0.999904
0.120673 3 0.999904
0.120286 3 0.999904
0.119319 3 0.999904
0.118933 3 0.999904
0.118546 3 0.999904
0.118159 3 0.999904
0.117966 3 0.999905
0.117772 3 0.999905
0.117579 3 0.999905
0.116612 3 0.999905
0.116418 3 0.999905
0.116225 3 0.999906
0.115838 3 0.999906
0.115452 3 0.999906
0.115258 3 0.999906
0.114871 3 0.999906
0.114678 3 0.999906
0.114485 3 0.999906
0.114291 3 0.999906
0.113904 3 0.999907
0.113131 3 0.999907
0.112357 3 0.999907
0.112164 3 0.999907
0.111971 3 0.999907
0.111777 3 0.999907
0.11139 3 0.999908
0.111004 3 0.999908
0.110424 3 0.999908
0.11023 3 0.999908
0.109843 3 0.999908
0.109457 3 0.999908
0.10907 3 0.999908
0.108876 3 0.999909
0.108683 3 0.999909
0.108296 3 0.999909
0.107909 3 0.999909
0.107329 3 0.999909
0.107136 3 0.999909
0.106943 3 0.999909
0.106556 3 0.99991
0.106362 3 0.99991
0.105782 3 0.99991
0.105202 3 0.99991
0.105009 3 0.99991
0.104622 3 0.99991
0.104429 3 0.99991
0.103848 3 0.999911
0.103462 3 0.999911
0.103268 3 0.999911
0.103075 3 0.999911
0.102881 3 0.999911
0.102301 3 0.999911
0.102108 3 0.999911
0.101915 3 0.999912
0.101721 3 0.999912
0.101334 3 0.999912
0.101141 3 0.999912
0.100754 3 0.999912
0.100561 3 0.999912
0.100174 3 0.999913
0.0995939 3 0.999913
0.0992071 3 0.999913
0.0990137 3 0.999913
0.0988203 3 0.999913
0.0984336 3 0.999913
0.0982402 3 0.999913
0.0980468 3 0.999914
0.0978534 3 0.999914
0.09766 3 0.999914
0.0972733 3 0.999914
0.0968865 3 0.999915
0.0966931 3 0.999915
0.0964997 3 0.999915
0.0963063 3 0.999915
0.0959196 3 0.999915
0.0955328 3 0.999915
0.0949526 3 0.999915
0.0947592 3 0.999915
0.0945658 3 0.999915
0.0943725 3 0.999916
0.0939857 3 0.999916
0.0937923 3 0.999916
0.0934055 3 0.999916
0.0930188 3 0.999916
0.092632 3 0.999916
0.0922452 3 0.999917
0.0920518 3 0.999917
0.0918584 3 0.999917
0.0916651 3 0.999917
0.0905047 3 0.999917
0.0899246 3 0.999918
0.0895378 2 0.999918
0.0893444 2 0.999918
0.089151 2 0.999918
0.0889576 2 0.999918
0.0885709 2 0.999918
0.0876039 2 0.999919
0.0874106 2 0.999919
0.0870238 2 0.999919
0.0864436 2 0.999919
0.0862502 2 0.999919
0.0860569 2 0.999919
0.0856701 2 0.999919
0.0852833 2 0.99992
0.0850899 2 0.99992
0.0848965 2 0.99992
0.0845098 2 0.99992
0.0843164 2 0.99992
0.084123 2 0.99992
0.0837362 2 0.99992
0.0835428 2 0.999921
0.0831561 2 0.999921
0.0829627 2 0.999921
0.0821891 2 0.999921
0.081609 2 0.999921
0.0812222 2 0.999922
0.0808354 2 0.999922
0.080642 2 0.999922
0.0804487 2 0.999922
0.0802553 2 0.999922
0.0798685 2 0.999922
0.0796751 2 0.999922
0.0794817 2 0.999922
0.0792883 2 0.999923
0.0789016 2 0.999923
0.0787082 2 0.999923
0.0779346 2 0.999923
0.0773545 2 0.999923
0.0771611 2 0.999923
0.0769677 2 0.999923
0.0765809 1 0.999923
0.0761942 1 0.999923
0.0758074 1 0.999924
0.0752272 1 0.999924
0.0750338 1 0.999924
0.0748405 1 0.999924
0.0744537 1 0.999924
0.0742603 1 0.999924
0.0736801 1 0.999924
0.0732934 1 0.999925
0.0727132 1 0.999925
0.0723264 1 0.999925
0.072133 1 0.999925
0.0719397 1 0.999925
0.0715529 1 0.999925
0.0713595 1 0.999925
0.0707793 1 0.999926
0.070586 1 0.999926
0.0703926 1 0.999926
0.0701992 1 0.999926
0.0698124 1 0.999926
0.0692323 1 0.999927
0.0686521 1 0.999927
0.0678786 1 0.999927
0.0676852 1 0.999927
0.0674918 1 0.999927
0.067105 1 0.999928
0.0667182 1 0.999928
0.0665249 1 0.999928
0.0663315 1 0.999928
0.0659447 1 0.999928
0.0655579 1 0.999928
0.0653645 1 0.999928
0.0651711 1 0.999929
0.0649778 1 0.999929
0.064591 1 0.999929
0.0640108 1 0.999929
0.0636241 1 0.999929
0.0634307 1 0.999929
0.0632373 1 0.99993
0.0630439 1 0.99993
0.0628505 1 0.99993
0.0626571 1 0.99993
0.0624637 1 0.99993
0.0622704 1 0.999931
0.0616902 1 0.999931
0.0614968 1 0.999931
0.06111 1 0.999931
0.0609167 1 0.999931
0.0607233 1 0.999931
0.0605299 1 0.999931
0.0601431 1 0.999931
0.0597563 1 0.999932
0.0591762 1 0.999932
0.058596 1 0.999932
0.0582092 1 0.999932
0.0580159 1 0.999932
0.0578225 1 0.999932
0.0574357 1 0.999933
0.0572423 1 0.999933
0.0568555 1 0.999933
0.0564688 1 0.999933
0.0562754 1 0.999933
0.0558886 1 0.999933
0.0555018 1 0.999933
0.0549217 1 0.999934
0.0545349 1 0.999934
0.0541481 1 0.999934
0.0537614 1 0.999934
0.053568 1 0.999934
0.0531812 1 0.999935
0.0524077 1 0.999935
0.0522143 1 0.999935
0.0520209 1 0.999935
0.0516341 1 0.999935
0.0514407 1 0.999935
0.0512473 1 0.999935
0.051054 1 0.999936
0.0506672 1 0.999936
0.050087 1 0.999936
0.0498936 1 0.999936
0.0495069 1 0.999936
0.0493135 1 0.999936
0.0491201 1 0.999937
0.0487333 1 0.999937
0.0485399 1 0.999937
0.0483465 1 0.999937
0.0479598 1 0.999937
0.0477664 1 0.999938
0.0473796 1 0.999938
0.0469928 1 0.999938
0.0464127 1 0.999938
0.0460259 1 0.999938
0.0458325 1 0.999938
0.0456391 1 0.999938
0.0454458 1 0.999938
0.0452524 1 0.999939
0.0446722 1 0.999939
0.0444788 1 0.999939
0.0440921 1 0.999939
0.0438987 1 0.999939
0.0437053 1 0.999939
0.0435119 1 0.99994
0.0431251 1 0.99994
0.042545 1 0.99994
0.0421582 1 0.999941
0.0417714 1 0.999941
0.041578 1 0.999941
0.0413846 1 0.999941
0.0411913 1 0.999941
0.0409979 1 0.999942
0.0406111 1 0.999942
0.0396442 1 0.999942
0.0392574 1 0.999942
0.0388706 1 0.999942
0.0386772 1 0.999942
0.0382905 1 0.999942
0.0380971 1 0.999943
0.0377103 1 0.999943
0.0375169 1 0.999943
0.0369368 1 0.999943
0.0367434 1 0.999943
0.0361632 1 0.999943
0.0357764 1 0.999943
0.0353897 1 0.999944
0.0350029 1 0.999944
0.0348095 1 0.999944
0.0346161 1 0.999944
0.0342294 1 0.999944
0.034036 1 0.999944
0.0338426 1 0.999945
0.0334558 1 0.999945
0.0332624 1 0.999945
0.033069 1 0.999945
0.0328757 1 0.999945
0.0326823 1 0.999945
0.0322955 1 0.999945
0.0317153 1 0.999946
0.0315219 1 0.999946
0.0313286 1 0.999946
0.0307484 1 0.999946
0.0303616 1 0.999947
0.0301682 1 0.999947
0.0299749 1 0.999947
0.0293947 1 0.999947
0.0284278 1 0.999948
0.0282344 1 0.999948
0.0278476 1 0.999948
0.0276542 1 0.999948
0.0274608 1 0.999949
0.0272675 1 0.999949
0.0270741 1 0.999949
0.0268807 1 0.999949
0.0266873 1 0.999949
0.0264939 1 0.999949
0.0261071 1 0.999949
0.0259137 1 0.99995
0.025527 1 0.99995
0.0253336 1 0.99995
0.0251402 1 0.999951
0.0249468 1 0.999951
0.0247534 1 0.999951
0.02456 1 0.999951
0.0243667 1 0.999951
0.0241733 1 0.999951
0.0237865 1 0.999951
0.0235931 1 0.999952
0.023013 1 0.999952
0.0228196 1 0.999952
0.0222394 1 0.999952
0.0218526 1 0.999953
0.0216593 1 0.999953
0.0214659 1 0.999953
0.0212725 1 0.999953
0.0208857 1 0.999953
0.0204989 1 0.999953
0.0203056 1 0.999954
0.0201122 1 0.999954
0.0199188 1 0.999954
0.0197254 1 0.999954
0.019532 1 0.999955
0.0193386 1 0.999955
0.0191452 1 0.999955
0.0187585 1 0.999955
0.0185651 1 0.999955
0.0181783 1 0.999956
0.0179849 1 0.999956
0.0174048 1 0.999956
0.017018 1 0.999956
0.0168246 1 0.999956
0.0166312 1 0.999956
0.0162444 1 0.999957
0.0160511 1 0.999957
0.0158577 1 0.999957
0.0156643 1 0.999958
0.0154709 1 0.999958
0.0150841 1 0.999958
0.0148907 1 0.999958
0.0146974 1 0.999959
0.0143106 1 0.999959
0.0139238 1 0.999959
0.0137304 1 0.99996
0.013537 1 0.99996
0.0133436 1 0.99996
0.0131503 1 0.999961
0.0127635 1 0.999961
0.0123767 1 0.999961
0.0119899 1 0.999961
0.0117966 1 0.999962
0.0117966 0 0.999962
0.0116032 0 0.999963
0.0114098 0 0.999963
0.0112164 0 0.999963
0.011023 0 0.999964
0.0106362 0 0.999964
0.0104429 0 0.999964
0.0102495 0 0.999964
0.0098627 0 0.999964
0.00966931 0 0.999964
0.00947592 0 0.999965
0.00928254 0 0.999966
0.00908915 0 0.999966
0.00889576 0 0.999966
0.00870238 0 0.999967
0.00850899 0 0.999967
0.00831561 0 0.999967
0.00812222 0 0.999967
0.00773545 0 0.999967
0.00734868 0 0.999968
0.00715529 0 0.999968
0.00676852 0 0.999969
0.00657513 0 0.99997
0.00638174 0 0.99997
0.00618836 0 0.99997
0.00599497 0 0.99997
0.00580159 0 0.999971
0.0056082 0 0.999971
0.00541481 0 0.999972
0.00522143 0 0.999972
0.00502804 0 0.999972
0.00483465 0 0.999972
0.00464127 0 0.999973
0.00444788 0 0.999974
0.00406111 0 0.999974
0.00386772 0 0.999975
0.00367434 0 0.999975
0.00348095 0 0.999977
0.00328757 0 0.999977
0.00290079 0 0.999977
0.00270741 0 0.999977
0.00251402 0 0.99998
0.00232063 0 0.99998
0.00212725 0 0.999981
0.00193386 0 0.999982
0.00174048 0 0.999983
0.00154709 0 0.999983
0.0013537 0 0.999985
0.00116032 0 0.999986
0.000966931 0 0.999987
0.000773545 0 0.999989
0.000580159 0 0.999992
0.000386772 0 0.999995
0.000193386 0 0.999998
0 0 1.79769e+308
