0.968478 873 0.702363
0.968478 872 0.702976
0.968478 871 0.703054
0.968478 870 0.703267
0.968478 869 0.703619
0.968478 868 0.70368
0.968478 867 0.704355
0.968478 866 0.70461
0.968478 865 0.704642
0.968478 864 0.704837
0.968478 863 0.704845
0.968285 863 0.705549
0.968285 862 0.70558
0.968285 861 0.705659
0.968091 861 0.706597
0.968091 860 0.707739
0.968091 859 0.709418
0.968091 858 0.709977
0.968091 857 0.710892
0.968091 856 0.710904
0.968091 855 0.711396
0.968091 854 0.711627
0.968091 853 0.7126
0.968091 852 0.712611
0.968091 851 0.713653
0.968091 850 0.714746
0.968091 849 0.714953
0.967898 849 0.715059
0.967898 848 0.715451
0.967898 847 0.716769
0.967705 847 0.717292
0.967705 846 0.717517
0.967705 845 0.717831
0.967705 844 0.719805
0.967705 843 0.719954
0.967705 842 0.72009
0.967705 841 0.720289
0.967705 840 0.721015
0.967705 839 0.721339
0.967705 838 0.721357
0.967511 838 0.721805
0.967511 837 0.721933
0.967511 836 0.722207
0.967511 835 0.722994
0.967511 834 0.722997
0.967511 833 0.723118
0.967511 832 0.723221
0.967511 831 0.724132
0.967511 830 0.724271
0.967511 829 0.724476
0.967318 829 0.724499
0.967318 828 0.724906
0.967318 827 0.725785
0.967318 826 0.725883
0.967318 825 0.726066
0.967318 824 0.726113
0.967318 823 0.726472
0.967318 822 0.726504
0.967318 821 0.727331
0.967318 820 0.72932
0.967318 819 0.730691
0.967318 818 0.73073
0.967318 817 0.730871
0.967318 816 0.730913
0.967318 815 0.731124
0.967318 814 0.731436
0.967318 813 0.732686
0.967318 812 0.732824
0.967318 811 0.732825
0.967318 810 0.73314
0.967318 809 0.734575
0.967318 808 0.73495
0.967318 807 0.736294
0.967124 807 0.73696
0.967124 806 0.737269
0.967124 805 0.737726
0.967124 804 0.737976
0.967124 803 0.738173
0.967124 802 0.738564
0.967124 801 0.739659
0.967124 800 0.740055
0.967124 799 0.740315
0.967124 798 0.741826
0.967124 797 0.743077
0.967124 796 0.744816
0.967124 795 0.745363
0.967124 794 0.745571
0.967124 793 0.746121
0.967124 792 0.746721
0.967124 791 0.746845
0.967124 790 0.747607
0.966931 790 0.747809
0.966931 789 0.748319
0.966931 788 0.750081
0.966931 787 0.750162
0.966931 786 0.750381
0.966931 785 0.750577
0.966931 784 0.750754
0.966931 783 0.750906
0.966931 782 0.751581
0.966738 782 0.752431
0.966738 781 0.752815
0.966738 780 0.753745
0.966738 779 0.753831
0.966738 778 0.754494
0.966738 777 0.755632
0.966738 776 0.757488
0.966738 775 0.758007
0.966738 774 0.758332
0.966738 772 0.758401
0.966544 772 0.75854
0.966544 771 0.759162
0.966544 770 0.759951
0.966544 769 0.760437
0.966544 768 0.760811
0.966544 767 0.761148
0.966544 766 0.761419
0.966544 765 0.761932
0.966544 764 0.763265
0.966544 763 0.76419
0.966544 762 0.766818
0.966544 761 0.766888
0.966544 760 0.76711
0.966544 759 0.767658
0.966544 758 0.767786
0.966544 757 0.768629
0.966544 756 0.768876
0.966544 755 0.769024
0.966544 754 0.769229
0.966544 753 0.769793
0.966544 752 0.769982
0.966544 751 0.770236
0.966544 750 0.77047
0.966544 749 0.771231
0.966351 749 0.771466
0.966351 748 0.77173
0.966351 747 0.771927
0.966351 746 0.771929
0.966157 746 0.772552
0.966157 745 0.772973
0.966157 744 0.773412
0.966157 743 0.773726
0.966157 742 0.774069
0.966157 741 0.774502
0.966157 740 0.774584
0.966157 739 0.774861
0.965964 739 0.774883
0.965771 739 0.776476
0.965771 738 0.776598
0.965771 737 0.777099
0.965771 736 0.777124
0.965771 735 0.777944
0.965771 734 0.778501
0.965771 733 0.778642
0.965771 732 0.779915
0.965771 731 0.781377
0.965577 731 0.783161
0.965577 730 0.783399
0.965577 729 0.783459
0.965577 728 0.784825
0.965577 727 0.785529
0.965577 726 0.785717
0.965577 725 0.7866
0.965577 724 0.786787
0.965577 723 0.7873
0.965577 722 0.788114
0.965577 721 0.789258
0.965577 720 0.789664
0.965577 719 0.789764
0.965577 718 0.791351
0.965384 718 0.791511
0.965384 717 0.791879
0.965384 716 0.792013
0.965384 715 0.79225
0.965384 714 0.793856
0.965384 713 0.794763
0.965384 712 0.794825
0.965384 711 0.795747
0.965384 710 0.798006
0.965384 709 0.798241
0.965384 708 0.79844
0.965384 707 0.799157
0.965384 706 0.79963
0.965384 705 0.801479
0.965384 704 0.802967
0.965384 703 0.803731
0.965384 702 0.803772
0.965384 701 0.804384
0.965384 700 0.804953
0.965384 699 0.805118
0.96519 699 0.805202
0.96519 698 0.806585
0.96519 697 0.80761
0.96519 696 0.807626
0.96519 695 0.807681
0.96519 694 0.808785
0.96519 693 0.808907
0.96519 692 0.809067
0.96519 691 0.809679
0.96519 690 0.809766
0.96519 689 0.809812
0.96519 688 0.809963
0.96519 687 0.810251
0.964997 687 0.810704
0.964997 686 0.810955
0.964997 685 0.810957
0.964997 684 0.811709
0.964997 683 0.812162
0.964804 683 0.812408
0.96461 683 0.812664
0.96461 682 0.813012
0.96461 681 0.81352
0.96461 680 0.814297
0.96461 679 0.814912
0.96461 678 0.815251
0.96461 677 0.816117
0.96461 676 0.81645
0.96461 675 0.817531
0.96461 674 0.81758
0.96461 673 0.818237
0.96461 672 0.820525
0.96461 671 0.820575
0.96461 670 0.820684
0.96461 669 0.820994
0.96461 668 0.821392
0.96461 667 0.821865
0.96461 666 0.822109
0.96461 665 0.822278
0.96461 664 0.822832
0.96461 663 0.823161
0.96461 662 0.823928
0.964417 662 0.824206
0.964417 661 0.82485
0.964224 661 0.82686
0.964224 660 0.828346
0.964224 659 0.828474
0.964224 658 0.828603
0.964224 657 0.82943
0.964224 656 0.829665
0.96403 656 0.829756
0.96403 655 0.830347
0.96403 654 0.83053
0.96403 653 0.830619
0.96403 652 0.830753
0.96403 651 0.830763
0.96403 650 0.831978
0.96403 649 0.83251
0.96403 648 0.832637
0.96403 647 0.832664
0.96403 646 0.8328
0.96403 645 0.832985
0.96403 644 0.833314
0.96403 643 0.834038
0.96403 642 0.834395
0.96403 641 0.834676
0.96403 640 0.834695
0.96403 639 0.834698
0.96403 638 0.835132
0.96403 637 0.835276
0.96403 636 0.837814
0.96403 635 0.839093
0.96403 634 0.839173
0.96403 633 0.8395
0.96403 632 0.83974
0.96403 631 0.839754
0.96403 630 0.839766
0.96403 629 0.840107
0.96403 628 0.840251
0.96403 627 0.840309
0.96403 626 0.840521
0.96403 625 0.840745
0.96403 624 0.84099
0.96403 623 0.841209
0.96403 622 0.841281
0.96403 621 0.843359
0.96403 620 0.843483
0.96403 619 0.843716
0.96403 618 0.845954
0.96403 617 0.84651
0.96403 616 0.846574
0.963837 616 0.847008
0.963837 615 0.84702
0.963837 614 0.847116
0.963837 613 0.847459
0.963837 612 0.84746
0.963837 611 0.847657
0.963837 610 0.848591
0.963837 609 0.848693
0.963643 609 0.849162
0.963643 608 0.849223
0.963643 607 0.84931
0.963643 606 0.849768
0.963643 605 0.849873
0.963643 604 0.849951
0.963643 603 0.850006
0.963643 602 0.850454
0.963643 601 0.851524
0.963643 600 0.853242
0.963643 599 0.853565
0.963643 598 0.853686
0.96345 598 0.855024
0.963257 598 0.855079
0.963257 597 0.855765
0.963257 596 0.856236
0.963257 595 0.85648
0.963257 594 0.856585
0.963257 593 0.857019
0.963257 592 0.857822
0.963257 591 0.858865
0.963257 590 0.858884
0.963257 589 0.858885
0.963257 588 0.858991
0.963063 588 0.859273
0.963063 587 0.859629
0.963063 586 0.85966
0.963063 585 0.860073
0.963063 584 0.8601
0.963063 583 0.86169
0.963063 582 0.862067
0.96287 582 0.862303
0.96287 581 0.86277
0.96287 580 0.862824
0.96287 579 0.862927
0.96287 578 0.86387
0.962676 578 0.863956
0.962676 577 0.86462
0.962483 577 0.865532
0.962483 576 0.865665
0.962483 575 0.866312
0.962483 574 0.86675
0.962483 573 0.866861
0.962483 572 0.86711
0.962483 571 0.867546
0.962483 570 0.868378
0.96229 570 0.869178
0.96229 569 0.870132
0.96229 568 0.870297
0.96229 567 0.870834
0.96229 566 0.870923
0.96229 565 0.871224
0.96229 564 0.871445
0.96229 563 0.871634
0.96229 562 0.8722
0.96229 561 0.872404
0.96229 560 0.872833
0.96229 559 0.872891
0.96229 558 0.873219
0.96229 557 0.873965
0.962096 557 0.874041
0.962096 556 0.874075
0.962096 555 0.874117
0.961903 555 0.874187
0.961903 554 0.875033
0.96171 554 0.875482
0.96171 553 0.876606
0.96171 552 0.878596
0.96171 551 0.879595
0.96171 550 0.880071
0.96171 549 0.880193
0.96171 548 0.880446
0.96171 547 0.880526
0.96171 546 0.880852
0.96171 545 0.881279
0.96171 544 0.882137
0.96171 543 0.882517
0.96171 542 0.882617
0.96171 541 0.882821
0.96171 540 0.882995
0.96171 539 0.883193
0.96171 538 0.883384
0.96171 537 0.883622
0.96171 536 0.883829
0.96171 535 0.88408
0.96171 534 0.88431
0.96171 533 0.884319
0.961516 533 0.884383
0.961516 532 0.885396
0.961516 531 0.885748
0.961516 530 0.885796
0.961323 530 0.886921
0.961323 529 0.88732
0.961323 528 0.887351
0.961323 527 0.887448
0.961323 526 0.888174
0.961323 525 0.888614
0.961323 524 0.889324
0.961129 524 0.88935
0.961129 523 0.889709
0.960936 523 0.889783
0.960936 522 0.889813
0.960936 521 0.890162
0.960936 520 0.890612
0.960936 519 0.890785
0.960936 518 0.891521
0.960743 518 0.892288
0.960743 517 0.892728
0.960743 516 0.892967
0.960549 516 0.893118
0.960356 516 0.893338
0.960356 515 0.893522
0.960356 514 0.894348
0.960356 513 0.895004
0.960356 512 0.895402
0.960356 511 0.895534
0.960162 511 0.897061
0.960162 510 0.898536
0.960162 509 0.898626
0.960162 508 0.898795
0.960162 507 0.898832
0.960162 506 0.899116
0.960162 505 0.900448
0.960162 504 0.900509
0.960162 503 0.901022
0.960162 502 0.901023
0.960162 501 0.901216
0.960162 500 0.904037
0.960162 499 0.905095
0.960162 498 0.905781
0.960162 497 0.906242
0.960162 496 0.906313
0.960162 495 0.90682
0.960162 494 0.907428
0.960162 493 0.907662
0.960162 492 0.907928
0.960162 491 0.907995
0.960162 490 0.908295
0.960162 489 0.908992
0.960162 488 0.909117
0.960162 487 0.910105
0.960162 486 0.910482
0.959969 486 0.910604
0.959969 485 0.911728
0.959969 484 0.911742
0.959776 484 0.911791
0.959776 483 0.912236
0.959776 482 0.912556
0.959776 481 0.912667
0.959776 480 0.912689
0.959582 480 0.91344
0.959582 479 0.913557
0.959582 478 0.913923
0.959582 477 0.914281
0.959582 476 0.914612
0.959582 475 0.914647
0.959582 474 0.915095
0.959582 473 0.915187
0.959582 472 0.915585
0.959582 471 0.916186
0.959582 470 0.916296
0.959389 470 0.916661
0.959389 469 0.916992
0.959389 467 0.916998
0.959389 466 0.917711
0.959196 466 0.918286
0.959196 465 0.918319
0.959002 465 0.91842
0.958809 465 0.918757
0.958615 465 0.919577
0.958615 464 0.919582
0.958615 463 0.919597
0.958615 462 0.919767
0.958422 462 0.919924
0.958422 461 0.919927
0.958422 460 0.919995
0.958422 459 0.920037
0.958422 458 0.920689
0.958422 457 0.921252
0.958422 456 0.92148
0.958422 455 0.921528
0.958422 454 0.921741
0.958422 453 0.922717
0.958229 453 0.922867
0.958229 452 0.922913
0.958229 451 0.923137
0.958229 450 0.92315
0.958229 449 0.923199
0.958229 448 0.92366
0.958229 447 0.924313
0.958229 446 0.924941
0.958229 445 0.925004
0.958229 444 0.92516
0.958229 443 0.925182
0.958229 442 0.925344
0.958229 441 0.925378
0.958229 440 0.925529
0.958229 439 0.925546
0.958229 438 0.925936
0.958035 438 0.925952
0.957842 438 0.926045
0.957842 437 0.926417
0.957842 436 0.926441
0.957648 436 0.92724
0.957648 435 0.927315
0.957648 434 0.927481
0.957648 433 0.927736
0.957648 432 0.927914
0.957648 431 0.928028
0.957648 430 0.928296
0.957648 429 0.928387
0.957648 428 0.928856
0.957648 427 0.92889
0.957648 426 0.928921
0.957648 425 0.929091
0.957648 424 0.92912
0.957455 424 0.929404
0.957455 423 0.929464
0.957455 422 0.929831
0.957455 421 0.930111
0.957455 420 0.930504
0.957455 419 0.930528
0.957455 418 0.930935
0.957262 418 0.931507
0.957262 417 0.931565
0.957262 416 0.932012
0.957262 415 0.932646
0.957262 414 0.932814
0.957262 413 0.933308
0.957262 412 0.933596
0.957068 412 0.933627
0.957068 411 0.934295
0.956875 411 0.934406
0.956875 410 0.934419
0.956875 409 0.934575
0.956681 409 0.935452
0.956681 408 0.935753
0.956681 407 0.936138
0.956681 406 0.936713
0.956681 405 0.937163
0.956488 405 0.93718
0.956488 404 0.937712
0.956488 403 0.938012
0.956295 403 0.938079
0.956101 403 0.938261
0.956101 402 0.938574
0.956101 401 0.938889
0.956101 400 0.939375
0.956101 399 0.939705
0.956101 398 0.93972
0.956101 397 0.940768
0.956101 396 0.940801
0.956101 395 0.941038
0.956101 394 0.941281
0.956101 393 0.941552
0.956101 392 0.941604
0.956101 391 0.942892
0.956101 390 0.943498
0.956101 389 0.943939
0.956101 388 0.944172
0.955908 388 0.944327
0.955908 387 0.944346
0.955908 386 0.944887
0.955715 386 0.9455
0.955715 385 0.945639
0.955521 385 0.945753
0.955328 385 0.945988
0.955134 385 0.946123
0.955134 384 0.946135
0.955134 383 0.946143
0.955134 382 0.946637
0.955134 381 0.946742
0.955134 380 0.946759
0.955134 379 0.94803
0.955134 378 0.9481
0.955134 377 0.948758
0.955134 376 0.948901
0.954941 376 0.949923
0.954941 375 0.950559
0.954941 374 0.950618
0.954748 374 0.951084
0.954748 373 0.951759
0.954748 372 0.951872
0.954748 371 0.952512
0.954748 370 0.9526
0.954748 369 0.952605
0.954748 368 0.95266
0.954748 367 0.953079
0.954748 366 0.953194
0.954748 365 0.953437
0.954748 364 0.953772
0.954748 363 0.953791
0.954748 362 0.953835
0.954748 361 0.954389
0.954554 361 0.9544
0.954554 360 0.954674
0.954361 360 0.954913
0.954361 359 0.954965
0.954361 358 0.954976
0.954167 358 0.955099
0.953974 358 0.955121
0.953974 357 0.955128
0.953781 357 0.955146
0.953781 356 0.955692
0.953587 356 0.955707
0.953587 355 0.95614
0.953587 354 0.956345
0.953394 354 0.956435
0.953394 353 0.95682
0.953394 352 0.956927
0.953394 351 0.957153
0.953394 350 0.957164
0.953201 350 0.957449
0.953201 349 0.957505
0.953007 349 0.957547
0.953007 348 0.957563
0.953007 347 0.958093
0.953007 346 0.958099
0.952814 346 0.95816
0.95262 346 0.958374
0.95262 345 0.958853
0.95262 344 0.958869
0.95262 343 0.958941
0.95262 342 0.959156
0.952427 342 0.959268
0.952427 341 0.95991
0.952427 340 0.960099
0.952427 339 0.96033
0.952427 338 0.960405
0.952427 337 0.960716
0.952427 336 0.961227
0.952427 335 0.961983
0.952427 334 0.962333
0.952234 334 0.962646
0.952234 333 0.962706
0.952234 332 0.962948
0.952234 331 0.963148
0.95204 331 0.963647
0.95204 330 0.964031
0.95204 329 0.964184
0.95204 328 0.964196
0.95204 327 0.964283
0.95204 326 0.964416
0.95204 325 0.964437
0.95204 324 0.964516
0.95204 323 0.965758
0.95204 322 0.966194
0.95204 321 0.966299
0.95204 320 0.966394
0.95204 319 0.966643
0.951847 319 0.966929
0.951847 318 0.967248
0.951847 317 0.967422
0.951847 316 0.967565
0.951653 316 0.967966
0.951653 315 0.968079
0.951653 314 0.968382
0.951653 313 0.968572
0.95146 313 0.968636
0.95146 312 0.968665
0.951267 312 0.969168
0.951267 311 0.969178
0.951073 311 0.969257
0.951073 310 0.969276
0.951073 309 0.969511
0.951073 308 0.969646
0.951073 307 0.970461
0.95088 307 0.970885
0.95088 306 0.970993
0.95088 305 0.971273
0.950687 305 0.971362
0.950493 305 0.971445
0.950493 304 0.971855
0.950493 303 0.972182
0.950493 302 0.972251
0.950493 301 0.972379
0.950493 300 0.972492
0.950493 299 0.972867
0.9503 299 0.973075
0.950106 299 0.973217
0.950106 298 0.973528
0.950106 297 0.974028
0.950106 296 0.974043
0.950106 295 0.97406
0.950106 294 0.974703
0.950106 293 0.974732
0.949913 293 0.975093
0.949913 292 0.975188
0.949913 291 0.975256
0.94972 291 0.975417
0.94972 290 0.975488
0.94972 289 0.97567
0.94972 288 0.975674
0.94972 287 0.975719
0.949526 287 0.975876
0.949526 286 0.976031
0.949526 285 0.976074
0.949526 284 0.976086
0.949526 283 0.976348
0.949526 282 0.97654
0.949526 281 0.976594
0.949333 281 0.97681
0.949333 280 0.977227
0.949333 279 0.977353
0.949333 278 0.977562
0.949333 277 0.977803
0.949333 276 0.977854
0.949333 275 0.977863
0.949333 274 0.97796
0.949333 273 0.978232
0.949333 272 0.978481
0.949333 271 0.978668
0.949333 270 0.978755
0.949333 269 0.978774
0.949139 269 0.978857
0.949139 268 0.97893
0.949139 267 0.978959
0.948946 267 0.97921
0.948753 267 0.979388
0.948559 267 0.9794
0.948559 266 0.979419
0.948559 265 0.979432
0.948559 264 0.979433
0.948366 264 0.979745
0.948366 263 0.979836
0.948366 262 0.97986
0.948173 262 0.980146
0.947979 262 0.980564
0.947786 262 0.980583
0.947592 262 0.980675
0.947592 261 0.980728
0.947592 260 0.980828
0.947399 260 0.980898
0.947399 259 0.981175
0.947206 259 0.981817
0.947012 259 0.982056
0.946819 259 0.982094
0.946625 259 0.982173
0.946432 259 0.982345
0.946432 258 0.982919
0.946239 258 0.982953
0.946239 257 0.983031
0.946239 256 0.984143
0.946239 255 0.984188
0.946045 255 0.984488
0.945852 255 0.984548
0.945658 255 0.984571
0.945465 255 0.984634
0.945272 255 0.984634
0.945272 254 0.984737
0.945272 253 0.984815
0.945078 253 0.984888
0.945078 252 0.985176
0.945078 251 0.985269
0.944885 251 0.985471
0.944885 250 0.985577
0.944885 249 0.985602
0.944885 248 0.98592
0.944885 247 0.985995
0.944885 246 0.986205
0.944885 245 0.986236
0.944692 245 0.986243
0.944692 244 0.986259
0.944692 243 0.986278
0.944692 242 0.986324
0.944498 242 0.986346
0.944498 241 0.986388
0.944498 240 0.986568
0.944305 240 0.986646
0.944111 240 0.986917
0.943918 240 0.987017
0.943725 240 0.987168
0.943531 240 0.987455
0.943531 239 0.987618
0.943531 238 0.987701
0.943531 237 0.987746
0.943338 237 0.987798
0.943144 237 0.987798
0.943144 236 0.987835
0.942951 236 0.987948
0.942758 236 0.987966
0.942758 235 0.987983
0.942758 234 0.988007
0.942758 233 0.988104
0.942758 232 0.98811
0.942758 231 0.988129
0.942758 230 0.988141
0.942564 230 0.988183
0.942371 230 0.988334
0.942178 230 0.988498
0.942178 229 0.988509
0.941984 229 0.988554
0.941791 229 0.988606
0.941791 228 0.98868
0.941597 228 0.988836
0.941597 227 0.988853
0.941597 226 0.989027
0.941597 225 0.989097
0.941597 224 0.989196
0.941597 223 0.989281
0.941597 222 0.98931
0.941404 222 0.989463
0.941404 221 0.98953
0.941404 220 0.9896
0.941404 219 0.989686
0.941404 218 0.989815
0.941211 218 0.989863
0.941211 217 0.989927
0.941017 217 0.989952
0.940824 217 0.99003
0.940824 216 0.990087
0.940824 215 0.990187
0.940824 214 0.990192
0.940824 213 0.990218
0.94063 213 0.990228
0.94063 212 0.99031
0.94063 211 0.990313
0.94063 210 0.990341
0.94063 209 0.990401
0.940437 209 0.99042
0.940244 209 0.990428
0.94005 209 0.990471
0.94005 208 0.990473
0.94005 207 0.990716
0.94005 206 0.990724
0.939857 206 0.990746
0.939664 206 0.990851
0.93947 206 0.990956
0.939277 206 0.990963
0.939277 205 0.991005
0.939277 204 0.991007
0.939277 203 0.991051
0.939083 203 0.99115
0.939083 202 0.991172
0.939083 201 0.991263
0.93889 201 0.991344
0.93889 200 0.991468
0.938697 200 0.991543
0.938697 199 0.991572
0.938503 199 0.991644
0.938503 198 0.991725
0.93831 198 0.991837
0.93831 197 0.991838
0.938116 197 0.991909
0.938116 196 0.992055
0.938116 195 0.992063
0.938116 194 0.992077
0.937923 194 0.992207
0.937923 193 0.992212
0.93773 193 0.99227
0.93773 192 0.992384
0.937536 192 0.992389
0.937536 191 0.992553
0.937343 191 0.992616
0.937343 190 0.992703
0.937149 190 0.992747
0.937149 189 0.992781
0.937149 188 0.992817
0.937149 187 0.992842
0.936956 187 0.992848
0.936956 186 0.992851
0.936763 186 0.99286
0.936569 186 0.99286
0.936376 186 0.993132
0.936376 185 0.993202
0.936376 184 0.993258
0.936376 183 0.993267
0.935989 183 0.993292
0.935989 182 0.993293
0.935796 182 0.993357
0.935602 182 0.993369
0.935602 181 0.993377
0.935602 180 0.993434
0.935409 180 0.993528
0.935216 180 0.99358
0.935022 180 0.993593
0.934829 180 0.993626
0.934635 180 0.993674
0.934442 180 0.993729
0.934442 179 0.993738
0.934249 179 0.993822
0.934249 178 0.99384
0.934055 178 0.993907
0.934055 177 0.993914
0.933862 177 0.994005
0.933862 176 0.99403
0.933862 175 0.994124
0.933669 175 0.994132
0.933475 175 0.994136
0.933475 174 0.994238
0.933282 174 0.99424
0.933282 173 0.994332
0.933282 172 0.99434
0.933282 171 0.994374
0.933088 171 0.994421
0.932895 171 0.994428
0.932895 170 0.994452
0.932895 169 0.994457
0.932895 168 0.994501
0.932702 168 0.994639
0.932702 167 0.994652
0.932508 167 0.994719
0.932508 166 0.994776
0.932508 165 0.994777
0.932315 165 0.994791
0.932315 164 0.994835
0.932315 163 0.99485
0.932121 163 0.994882
0.931928 163 0.994927
0.931735 163 0.994938
0.931541 163 0.994984
0.931541 162 0.99503
0.931348 162 0.99505
0.931155 162 0.995062
0.931155 161 0.995133
0.930961 161 0.99519
0.930961 160 0.995215
0.930768 160 0.995224
0.930768 159 0.995258
0.930768 158 0.995294
0.930574 158 0.995302
0.930574 157 0.995329
0.930574 156 0.995393
0.930381 156 0.995429
0.930188 156 0.995435
0.929994 156 0.995445
0.929801 156 0.995446
0.929607 156 0.995447
0.929414 156 0.995472
0.929221 156 0.995472
0.929027 156 0.995505
0.929027 155 0.995547
0.928834 155 0.995557
0.92864 155 0.995598
0.92864 154 0.995601
0.928447 154 0.995625
0.928447 153 0.995645
0.928447 152 0.995649
0.928447 151 0.995708
0.928254 151 0.99571
0.928254 150 0.995757
0.928254 149 0.995772
0.92806 149 0.995836
0.927867 149 0.995882
0.927674 149 0.995908
0.927674 148 0.995923
0.927674 147 0.995941
0.92748 147 0.995948
0.927287 147 0.995959
0.927287 146 0.996063
0.927093 146 0.99611
0.9269 146 0.996163
0.926707 146 0.996192
0.926513 146 0.996209
0.92632 146 0.99622
0.92632 145 0.996251
0.92632 144 0.996347
0.926126 144 0.99637
0.925933 144 0.996384
0.92574 144 0.996425
0.925546 144 0.996453
0.925546 143 0.996626
0.925353 143 0.996681
0.925353 142 0.996749
0.925353 141 0.996777
0.92516 141 0.996786
0.924966 141 0.996817
0.924773 141 0.996819
0.924579 141 0.996849
0.924386 141 0.996862
0.924386 140 0.996875
0.924386 139 0.996881
0.924193 139 0.996963
0.923999 139 0.99702
0.923806 139 0.997064
0.923806 138 0.997089
0.923612 138 0.997113
0.923612 137 0.997141
0.923612 136 0.997145
0.923419 136 0.997181
0.923419 135 0.997201
0.923419 134 0.997214
0.923226 134 0.997216
0.923032 134 0.997243
0.923032 133 0.99725
0.922839 133 0.997272
0.922646 133 0.997313
0.922452 133 0.99732
0.922452 132 0.997325
0.922452 131 0.997346
0.922259 131 0.997351
0.922259 130 0.997364
0.922065 130 0.997404
0.921872 130 0.997438
0.921679 130 0.99746
0.921485 130 0.997464
0.921485 129 0.997487
0.921292 129 0.997487
0.921098 129 0.997519
0.920905 129 0.99752
0.920712 129 0.997527
0.920518 129 0.997533
0.920325 129 0.997541
0.920132 129 0.997554
0.919938 129 0.997558
0.919745 129 0.997579
0.919745 128 0.997607
0.919745 127 0.997608
0.919551 127 0.997616
0.919551 126 0.997619
0.919551 125 0.99763
0.919358 125 0.997639
0.919358 124 0.997646
0.919165 124 0.99765
0.918971 124 0.997689
0.918778 124 0.997703
0.918778 123 0.997711
0.918778 122 0.997713
0.918778 121 0.997717
0.918584 121 0.997761
0.918391 121 0.997781
0.918391 120 0.997814
0.918198 120 0.997835
0.918198 119 0.997836
0.918004 119 0.997841
0.917811 119 0.997846
0.917811 118 0.997869
0.917617 118 0.997875
0.917424 118 0.997889
0.917231 118 0.997895
0.917231 117 0.997946
0.917037 117 0.997956
0.917037 116 0.998003
0.917037 115 0.998027
0.916844 115 0.998057
0.916651 115 0.998092
0.916651 114 0.998099
0.916457 114 0.998099
0.916264 114 0.998116
0.916264 113 0.998117
0.91607 113 0.998118
0.915877 113 0.998135
0.915684 113 0.998147
0.915684 112 0.998165
0.915684 111 0.998183
0.91549 111 0.998203
0.91549 110 0.998223
0.91549 109 0.998238
0.91549 108 0.99827
0.915103 108 0.9983
0.91491 108 0.998309
0.914717 108 0.998309
0.914523 108 0.998316
0.91433 108 0.998319
0.914137 108 0.99834
0.914137 107 0.99835
0.913943 107 0.998353
0.913943 106 0.998361
0.91375 106 0.998368
0.913556 106 0.998372
0.913363 106 0.998382
0.91317 106 0.998388
0.912976 106 0.998403
0.912783 106 0.998441
0.912783 105 0.998442
0.912783 104 0.99845
0.912589 104 0.998457
0.912396 104 0.998466
0.912203 104 0.998467
0.912009 104 0.998476
0.911816 104 0.998487
0.911623 104 0.998511
0.911429 104 0.998524
0.911429 103 0.998529
0.911236 103 0.998531
0.911042 103 0.998531
0.910849 103 0.998538
0.910656 103 0.998539
0.910656 102 0.998578
0.910462 102 0.998601
0.910462 101 0.998613
0.910269 101 0.998622
0.910075 101 0.998628
0.909882 101 0.998639
0.909689 101 0.998644
0.909495 101 0.998661
0.909302 101 0.998672
0.909108 101 0.998701
0.908915 101 0.998712
0.908722 101 0.998714
0.908722 100 0.998714
0.908722 99 0.998716
0.908528 99 0.998724
0.908335 99 0.998731
0.908142 99 0.998734
0.907948 99 0.998736
0.907755 99 0.998742
0.907561 99 0.998746
0.907561 98 0.998748
0.907368 98 0.998749
0.907368 97 0.998765
0.907175 97 0.998771
0.906981 97 0.998778
0.906788 97 0.998813
0.906788 96 0.998813
0.906594 96 0.998839
0.906594 95 0.998839
0.906401 95 0.998851
0.906208 95 0.998858
0.906014 95 0.998864
0.905821 95 0.998869
0.905628 95 0.998892
0.905434 95 0.998907
0.905241 95 0.998924
0.905047 95 0.998924
0.904854 95 0.998944
0.904661 95 0.998948
0.904661 94 0.99896
0.904467 94 0.998961
0.904274 94 0.998964
0.904274 93 0.998969
0.90408 93 0.998971
0.903887 93 0.998982
0.903887 92 0.998991
0.903694 92 0.999002
0.9035 92 0.999005
0.903307 92 0.999006
0.903307 91 0.999024
0.903307 90 0.999031
0.903114 90 0.999036
0.90292 90 0.999045
0.902727 90 0.999067
0.902533 90 0.999072
0.902533 89 0.999078
0.90234 89 0.999079
0.90234 88 0.99908
0.902147 88 0.999087
0.902147 87 0.999089
0.901953 87 0.999097
0.90176 87 0.999099
0.901566 87 0.999128
0.901373 87 0.999149
0.90118 87 0.999191
0.90118 86 0.999206
0.900986 86 0.999223
0.900793 86 0.999236
0.900599 86 0.999247
0.900406 86 0.999249
0.900213 86 0.999249
0.900213 85 0.99925
0.900019 85 0.999252
0.899826 85 0.999252
0.899826 84 0.999258
0.899826 83 0.999259
0.899633 83 0.99927
0.899633 82 0.999279
0.899439 82 0.99929
0.899246 82 0.999293
0.899052 82 0.999303
0.898859 82 0.999309
0.898859 81 0.999316
0.898666 81 0.999324
0.898472 81 0.999331
0.898472 80 0.999338
0.898279 80 0.999343
0.898085 80 0.999345
0.897892 80 0.999345
0.897699 80 0.999346
0.897505 80 0.999348
0.897312 80 0.999352
0.897119 80 0.999362
0.897119 79 0.999363
0.896925 79 0.999368
0.896732 79 0.999371
0.896732 78 0.99938
0.896732 77 0.999381
0.896538 77 0.999382
0.896345 77 0.99939
0.896152 77 0.99939
0.896152 76 0.999393
0.896152 75 0.999394
0.895958 75 0.999397
0.895958 74 0.999399
0.895765 74 0.999403
0.895571 74 0.999412
0.895378 74 0.999422
0.895185 74 0.999422
0.895185 73 0.999441
0.894991 73 0.999442
0.894798 73 0.999444
0.894605 73 0.99945
0.894411 73 0.999451
0.894411 72 0.99946
0.894218 72 0.99946
0.894024 72 0.999465
0.893831 72 0.999468
0.893638 71 0.999472
0.893638 70 0.999481
0.893638 69 0.999482
0.893638 68 0.999495
0.893444 68 0.999498
0.893251 68 0.999509
0.893251 67 0.999518
0.893057 67 0.999522
0.893057 66 0.999525
0.892864 66 0.999532
0.892671 66 0.999535
0.892477 66 0.999538
0.892284 66 0.99954
0.892091 66 0.999541
0.891897 66 0.999549
0.891704 66 0.999552
0.89151 66 0.999553
0.89151 65 0.999553
0.891317 65 0.999554
0.891124 65 0.999555
0.89093 65 0.999565
0.890737 65 0.999587
0.89035 65 0.999587
0.890157 65 0.999595
0.890157 64 0.999596
0.889963 64 0.999601
0.889963 63 0.999603
0.88977 63 0.999607
0.889576 63 0.999607
0.889383 63 0.999609
0.88919 63 0.999615
0.888996 63 0.999615
0.888803 63 0.999624
0.88861 63 0.999632
0.888416 63 0.999634
0.888223 63 0.999644
0.888223 62 0.999647
0.888029 62 0.999651
0.888029 61 0.999667
0.887836 61 0.999669
0.887643 61 0.999673
0.887449 61 0.999676
0.887256 61 0.999683
0.887256 60 0.999684
0.887062 60 0.999689
0.886869 60 0.999694
0.886869 59 0.999694
0.886676 59 0.999697
0.886676 58 0.9997
0.886482 58 0.999702
0.886289 58 0.999718
0.886096 58 0.999718
0.885902 58 0.99972
0.885709 57 0.999724
0.885515 57 0.999724
0.885322 57 0.999724
0.885129 57 0.999728
0.885129 56 0.999729
0.884935 56 0.999733
0.884935 55 0.999738
0.884742 54 0.999738
0.884548 54 0.999741
0.884355 54 0.999741
0.884162 54 0.999743
0.883968 54 0.999745
0.883775 54 0.999746
0.883582 54 0.999748
0.883388 54 0.999748
0.883195 54 0.999748
0.883001 54 0.999749
0.882808 54 0.999751
0.882615 54 0.999752
0.882421 54 0.999754
0.882228 54 0.999755
0.882228 53 0.999756
0.882034 53 0.999756
0.882034 52 0.999757
0.881841 52 0.999758
0.881648 52 0.999758
0.881454 52 0.999761
0.881261 52 0.999762
0.881067 52 0.999765
0.880874 52 0.999765
0.880487 52 0.999766
0.880294 52 0.999767
0.880294 51 0.999768
0.880294 50 0.99977
0.880101 50 0.999772
0.879907 50 0.999777
0.879714 50 0.99978
0.87952 50 0.999788
0.879327 50 0.999789
0.879134 50 0.999792
0.87894 49 0.999793
0.878747 49 0.999795
0.878553 49 0.999798
0.87836 49 0.999798
0.87836 48 0.999799
0.878167 48 0.999799
0.87778 48 0.999799
0.877587 48 0.9998
0.877393 48 0.999802
0.877393 47 0.999803
0.877393 46 0.999804
0.8772 46 0.999806
0.877006 46 0.999806
0.876813 46 0.999807
0.87662 46 0.999813
0.876426 46 0.999814
0.876233 46 0.999814
0.876039 46 0.999815
0.875846 46 0.999815
0.875846 45 0.999816
0.875846 44 0.999817
0.875653 44 0.999819
0.875459 44 0.999819
0.875266 44 0.999821
0.875073 44 0.999821
0.874879 44 0.999821
0.874686 44 0.999822
0.874686 43 0.999823
0.874686 42 0.999823
0.874492 42 0.999824
0.874299 42 0.999824
0.874299 41 0.999827
0.874106 41 0.999827
0.874106 40 0.999829
0.873912 40 0.99983
0.873719 40 0.999831
0.873525 40 0.999831
0.873332 40 0.999832
0.873139 40 0.999835
0.872945 40 0.999839
0.872752 40 0.999839
0.872558 40 0.999841
0.872365 40 0.999845
0.872172 40 0.999845
0.871978 40 0.999847
0.871978 39 0.999849
0.871785 39 0.99985
0.871592 39 0.999851
0.871398 39 0.999851
0.871398 38 0.999852
0.871205 38 0.999853
0.871011 38 0.999856
0.870818 38 0.999856
0.870431 38 0.999857
0.870238 38 0.999857
0.870044 38 0.999857
0.869851 38 0.999857
0.869658 38 0.999858
0.869464 38 0.999859
0.869271 38 0.999861
0.869078 38 0.999862
0.868884 38 0.999862
0.868691 38 0.999866
0.868497 38 0.999867
0.868304 38 0.999868
0.868111 38 0.999869
0.867917 38 0.99987
0.867917 37 0.999871
0.867724 37 0.999872
0.86753 37 0.999873
0.867337 37 0.999876
0.867144 37 0.999877
0.86695 37 0.999878
0.866757 37 0.99988
0.866564 37 0.99988
0.86637 37 0.999881
0.866177 37 0.999882
0.865983 37 0.999883
0.86579 37 0.999883
0.865597 37 0.999885
0.865403 37 0.999886
0.86521 37 0.999886
0.865016 37 0.999887
0.864823 37 0.999888
0.86463 37 0.999889
0.864436 37 0.999889
0.864243 37 0.99989
0.863856 37 0.99989
0.863663 37 0.999891
0.863469 37 0.999891
0.863469 36 0.999892
0.863469 35 0.999892
0.863276 35 0.999892
0.863083 35 0.999893
0.862889 35 0.999893
0.862696 35 0.999894
0.862502 35 0.9999
0.862309 35 0.999901
0.862116 35 0.999901
0.861922 35 0.999903
0.861729 35 0.999903
0.861535 35 0.999903
0.861342 35 0.999904
0.861149 35 0.999905
0.860955 35 0.999906
0.860762 35 0.999906
0.860569 35 0.999908
0.860375 35 0.999908
0.860182 35 0.999908
0.859988 35 0.999909
0.859988 34 0.999909
0.859795 34 0.999909
0.859602 34 0.99991
0.859408 34 0.999911
0.859215 34 0.999912
0.859021 34 0.999912
0.858635 34 0.999912
0.858441 34 0.999913
0.858248 34 0.999914
0.857861 34 0.999914
0.857668 33 0.999915
0.857474 33 0.999916
0.857088 33 0.999917
0.856894 33 0.999917
0.856701 33 0.999918
0.856507 33 0.999918
0.856314 33 0.999918
0.856121 32 0.999919
0.856121 31 0.99992
0.855927 31 0.99992
0.855734 31 0.999921
0.855734 30 0.999922
0.855541 30 0.999922
0.855347 30 0.999923
0.855154 30 0.999924
0.85496 30 0.999924
0.854767 30 0.999925
0.854574 30 0.999925
0.85438 30 0.999926
0.854187 30 0.999926
0.853993 30 0.999927
0.8538 30 0.999928
0.853607 30 0.999929
0.853413 29 0.99993
0.85322 29 0.999932
0.853026 29 0.999932
0.852833 29 0.999934
0.85264 29 0.999934
0.852446 29 0.999937
0.852253 29 0.999937
0.85206 29 0.999938
0.851866 29 0.999938
0.851673 29 0.999938
0.851479 29 0.999939
0.851286 29 0.999939
0.851093 29 0.999939
0.850899 29 0.99994
0.850706 29 0.99994
0.850512 29 0.99994
0.850512 28 0.999941
0.850126 28 0.999942
0.849932 28 0.999942
0.849739 28 0.999942
0.849546 28 0.999943
0.849352 28 0.999943
0.849159 28 0.999943
0.848965 28 0.999943
0.848772 28 0.999943
0.848579 28 0.999945
0.848192 28 0.999946
0.847998 28 0.999946
0.847805 28 0.999947
0.847612 28 0.999947
0.847418 28 0.999948
0.847032 28 0.999948
0.846838 28 0.999948
0.846645 28 0.999949
0.846451 28 0.99995
0.846258 28 0.99995
0.845871 28 0.99995
0.845678 28 0.999951
0.845484 28 0.999952
0.845291 28 0.999954
0.845098 28 0.999955
0.844711 28 0.999955
0.844324 28 0.999956
0.843937 28 0.999956
0.843744 28 0.999957
0.843551 28 0.999957
0.843357 28 0.999958
0.843357 27 0.999958
0.843357 26 0.999958
0.84297 26 0.999959
0.842777 26 0.999959
0.84239 26 0.999959
0.842197 26 0.99996
0.842003 26 0.99996
0.84181 26 0.999961
0.84181 25 0.999961
0.841617 25 0.999961
0.841423 25 0.999961
0.841037 25 0.999962
0.840843 25 0.999962
0.840456 23 0.999962
0.840263 23 0.999962
0.839876 23 0.999963
0.839683 23 0.999963
0.839296 23 0.999963
0.838909 23 0.999964
0.838909 22 0.999965
0.838716 22 0.999965
0.838523 22 0.999966
0.838329 22 0.999966
0.838136 22 0.999966
0.837749 22 0.999966
0.837362 22 0.999967
0.836975 22 0.999967
0.836589 22 0.999967
0.836395 22 0.999967
0.836009 22 0.999967
0.835815 22 0.999968
0.835428 22 0.999968
0.834655 22 0.999968
0.834461 22 0.999969
0.834268 22 0.999969
0.834075 22 0.999969
0.833881 22 0.99997
0.833688 22 0.99997
0.833494 22 0.99997
0.833108 22 0.99997
0.832914 22 0.99997
0.832721 22 0.999971
0.832334 22 0.999971
0.832141 22 0.999971
0.831947 22 0.999971
0.831754 22 0.999972
0.831367 22 0.999972
0.831174 22 0.999972
0.830787 22 0.999972
0.830594 22 0.999973
0.8304 22 0.999974
0.830207 22 0.999974
0.830014 22 0.999974
0.829627 22 0.999974
0.829433 22 0.999974
0.828853 22 0.999975
0.828466 22 0.999975
0.828273 22 0.999975
0.82808 22 0.999975
0.827693 22 0.999976
0.827306 22 0.999976
0.826726 22 0.999976
0.826146 22 0.999976
0.825952 22 0.999977
0.825759 22 0.999977
0.825566 22 0.999977
0.825372 22 0.999978
0.824985 22 0.999978
0.824792 22 0.999978
0.824599 22 0.999978
0.824212 22 0.999978
0.824019 22 0.999978
0.823825 22 0.999978
0.823438 22 0.999979
0.823052 22 0.999979
0.822858 22 0.999979
0.822665 22 0.999979
0.822471 22 0.999979
0.822278 22 0.999979
0.822085 22 0.99998
0.821698 22 0.99998
0.821311 22 0.99998
0.821118 22 0.99998
0.820731 22 0.99998
0.820344 22 0.99998
0.820151 22 0.999981
0.819764 21 0.999981
0.819184 21 0.999981
0.818991 21 0.999981
0.818797 21 0.999981
0.81841 21 0.999981
0.818024 21 0.999981
0.81783 21 0.999982
0.817637 21 0.999982
0.817443 21 0.999982
0.816863 21 0.999982
0.816863 20 0.999982
0.81667 20 0.999983
0.816477 20 0.999983
0.81609 20 0.999983
0.815896 20 0.999983
0.815703 20 0.999983
0.815316 20 0.999983
0.815123 20 0.999983
0.814929 20 0.999984
0.814736 20 0.999984
0.814349 20 0.999984
0.813962 20 0.999984
0.813576 20 0.999984
0.812802 20 0.999984
0.812415 20 0.999984
0.812222 20 0.999984
0.811835 20 0.999985
0.811062 20 0.999985
0.810675 20 0.999985
0.809708 19 0.999985
0.809321 19 0.999985
0.808934 19 0.999985
0.808354 19 0.999986
0.807968 19 0.999986
0.807194 19 0.999986
0.807001 19 0.999986
0.806807 19 0.999986
0.80642 19 0.999986
0.805647 19 0.999987
0.805453 19 0.999987
0.80468 19 0.999987
0.804487 19 0.999987
0.803906 19 0.999987
0.80352 19 0.999987
0.803133 19 0.999988
0.802746 19 0.999988
0.802553 19 0.999988
0.802166 19 0.999988
0.801779 18 0.999988
0.801199 18 0.999988
0.800812 18 0.999988
0.800425 18 0.999988
0.800039 18 0.999989
0.799845 18 0.999989
0.798878 18 0.999989
0.798298 18 0.999989
0.797525 18 0.999989
0.797138 18 0.999989
0.796558 18 0.999989
0.795978 17 0.999989
0.795591 17 0.99999
0.795204 17 0.99999
0.794817 17 0.99999
0.794624 17 0.99999
0.79385 17 0.99999
0.792497 17 0.99999
0.792303 17 0.99999
0.79211 17 0.99999
0.791723 17 0.999991
0.791143 17 0.999991
0.790563 17 0.999991
0.789789 17 0.999991
0.789596 17 0.999991
0.788822 17 0.999991
0.788436 17 0.999991
0.788242 17 0.999991
0.787662 17 0.999992
0.786888 17 0.999992
0.786115 17 0.999992
0.785728 17 0.999992
0.784761 17 0.999992
0.783214 17 0.999992
0.782827 17 0.999992
0.782054 17 0.999992
0.781474 17 0.999993
0.780893 17 0.999993
0.78012 17 0.999993
0.779733 17 0.999993
0.778186 17 0.999993
0.777412 17 0.999993
0.777219 17 0.999993
0.776446 17 0.999993
0.774898 17 0.999994
0.774318 17 0.999994
0.773545 17 0.999994
0.772384 17 0.999994
0.771998 17 0.999994
0.770257 17 0.999994
0.76987 17 0.999994
0.76929 17 0.999994
0.767937 17 0.999995
0.767163 16 0.999995
0.766003 16 0.999995
0.764456 16 0.999995
0.763875 16 0.999995
0.762715 16 0.999995
0.760975 16 0.999995
0.759428 16 0.999995
0.757107 14 0.999995
0.75556 14 0.999996
0.753819 14 0.999996
0.752272 14 0.999996
0.749565 13 0.999996
0.748405 12 0.999996
0.746084 12 0.999996
0.74415 11 0.999996
0.741636 11 0.999996
0.738542 11 0.999997
0.736415 10 0.999997
0.734094 10 0.999997
0.732354 10 0.999997
0.729259 9 0.999997
0.727325 8 0.999997
0.724618 8 0.999997
0.722104 8 0.999997
0.718816 8 0.999997
0.714369 8 0.999998
0.710307 8 0.999998
0.706827 8 0.999998
0.703152 7 0.999998
0.698511 7 0.999998
0.694256 7 0.999998
0.687875 7 0.999998
0.680913 7 0.999998
0.675498 7 0.999999
0.666602 6 0.999999
0.659447 5 0.999999
0.649197 4 0.999999
0.641269 4 0.999999
0.628699 4 0.999999
0.614001 4 0.999999
0.598337 4 0.999999
0.578418 4 1
0.557532 4 1
0.521756 3 1
0.459099 2 1
0.339199 1 1
0 0 1.79769e+308
