0.753916 5840
0.753916 5839
0.753916 5838
0.753916 5837
0.753916 5836
0.753916 5835
0.753916 5834
0.753916 5833
0.753916 5832
0.753916 5831
0.753916 5830
0.753916 5829
0.753916 5828
0.753916 5827
0.753916 5826
0.753916 5825
0.753916 5824
0.753916 5823
0.753916 5822
0.753916 5821
0.753916 5820
0.753916 5819
0.753916 5818
0.753916 5817
0.753916 5816
0.753916 5815
0.753916 5814
0.753916 5813
0.753916 5812
0.753916 5811
0.753916 5810
0.753916 5809
0.753916 5808
0.753916 5807
0.753916 5806
0.753916 5805
0.753916 5804
0.753916 5803
0.753916 5802
0.753916 5801
0.753916 5800
0.753916 5799
0.753915 5798
0.753915 5797
0.753915 5796
0.753915 5795
0.753915 5794
0.753915 5793
0.753915 5792
0.753915 5791
0.753915 5790
0.753915 5789
0.753915 5788
0.753883 5787
0.753883 5786
0.753883 5785
0.753883 5784
0.753883 5783
0.753883 5782
0.753883 5781
0.753883 5780
0.753883 5779
0.753883 5778
0.753883 5777
0.753883 5776
0.753883 5775
0.753883 5774
0.753883 5773
0.753883 5772
0.753883 5771
0.753883 5770
0.753883 5769
0.753883 5768
0.753883 5767
0.753883 5766
0.753883 5765
0.753883 5764
0.753883 5763
0.753883 5762
0.753883 5761
0.753883 5760
0.753883 5759
0.753883 5758
0.753883 5757
0.753883 5756
0.753883 5755
0.753883 5754
0.753883 5753
0.753883 5752
0.753883 5751
0.753883 5750
0.753883 5749
0.753883 5748
0.753883 5747
0.753883 5746
0.753883 5745
0.753883 5744
0.753883 5743
0.753883 5742
0.753883 5741
0.753883 5740
0.753883 5739
0.753883 5738
0.753883 5737
0.753883 5736
0.753883 5735
0.753883 5734
0.753883 5733
0.753883 5732
0.753883 5731
0.753883 5730
0.753883 5729
0.753883 5728
0.753883 5727
0.753883 5725
0.753883 5724
0.753883 5723
0.753883 5722
0.753883 5721
0.753883 5720
0.753883 5719
0.753883 5718
0.753883 5717
0.753883 5716
0.753883 5715
0.753883 5714
0.753883 5713
0.753883 5712
0.753883 5711
0.753883 5710
0.753883 5709
0.753883 5708
0.753883 5707
0.753883 5706
0.753883 5705
0.753883 5704
0.753883 5703
0.753883 5702
0.753883 5701
0.753883 5700
0.753883 5699
0.753883 5698
0.753883 5697
0.753883 5696
0.753883 5695
0.753883 5694
0.753883 5693
0.753883 5692
0.753883 5691
0.753883 5690
0.753883 5689
0.753729 5689
0.753729 5688
0.753729 5687
0.753729 5686
0.753729 5685
0.753729 5684
0.753729 5683
0.753729 5682
0.753729 5681
0.753729 5680
0.753729 5679
0.753729 5678
0.753729 5677
0.753729 5676
0.753729 5675
0.753729 5674
0.753729 5673
0.753729 5672
0.753729 5671
0.753729 5670
0.753729 5669
0.753729 5668
0.753729 5667
0.753729 5666
0.753729 5665
0.753729 5664
0.753729 5663
0.753729 5662
0.753729 5661
0.753729 5660
0.753729 5659
0.753729 5658
0.753729 5657
0.753729 5656
0.753729 5655
0.753729 5654
0.753729 5653
0.753729 5652
0.753729 5651
0.753729 5650
0.753729 5649
0.753729 5648
0.753729 5647
0.753729 5646
0.753729 5645
0.753729 5644
0.753729 5643
0.753729 5642
0.753729 5641
0.753729 5640
0.753729 5639
0.753729 5638
0.753729 5637
0.753729 5636
0.753729 5635
0.753729 5634
0.753729 5633
0.753729 5632
0.753729 5631
0.753729 5630
0.753729 5629
0.753729 5628
0.753729 5627
0.753729 5626
0.753729 5625
0.753729 5624
0.753729 5623
0.753729 5622
0.753729 5621
0.753729 5620
0.753729 5619
0.753729 5618
0.753729 5617
0.753729 5616
0.753729 5615
0.753729 5614
0.753729 5613
0.753582 5613
0.753582 5612
0.753582 5611
0.753582 5610
0.753582 5609
0.753582 5608
0.753582 5607
0.753582 5606
0.753582 5605
0.753582 5604
0.753582 5603
0.753582 5602
0.753582 5601
0.753582 5600
0.753582 5599
0.753582 5598
0.753582 5597
0.753582 5596
0.753582 5595
0.753582 5594
0.753582 5593
0.753582 5592
0.753582 5591
0.753582 5590
0.753582 5589
0.753582 5588
0.753582 5587
0.753582 5586
0.753582 5585
0.753582 5584
0.753582 5583
0.753582 5582
0.753582 5581
0.753582 5580
0.753582 5579
0.753582 5578
0.753582 5577
0.753582 5576
0.753582 5575
0.753582 5574
0.753582 5573
0.753582 5572
0.753582 5571
0.753582 5570
0.753582 5569
0.753582 5568
0.753582 5567
0.753582 5566
0.753582 5565
0.753582 5564
0.753582 5563
0.753582 5562
0.753582 5561
0.753582 5560
0.753582 5559
0.753582 5558
0.753582 5557
0.753582 5556
0.753582 5555
0.753582 5554
0.753582 5553
0.753582 5552
0.753582 5551
0.753582 5550
0.753582 5549
0.753582 5548
0.753582 5547
0.753582 5546
0.753582 5545
0.753582 5544
0.753582 5543
0.753582 5542
0.753582 5541
0.753582 5540
0.753582 5539
0.753582 5538
0.753582 5537
0.753582 5536
0.753582 5535
0.753582 5534
0.753582 5533
0.753582 5532
0.753582 5531
0.753582 5530
0.753582 5529
0.753582 5528
0.753582 5527
0.753582 5526
0.753582 5525
0.753582 5524
0.753582 5523
0.753582 5522
0.753582 5521
0.753582 5520
0.753582 5519
0.753582 5518
0.753582 5517
0.753582 5516
0.753582 5515
0.753582 5514
0.753582 5513
0.753582 5512
0.753582 5511
0.753582 5510
0.753582 5509
0.753582 5508
0.753582 5507
0.753582 5506
0.753582 5505
0.753582 5504
0.753582 5503
0.753582 5502
0.753582 5501
0.753582 5500
0.753582 5499
0.753582 5498
0.753582 5497
0.7535 5496
0.7535 5495
0.7535 5494
0.7535 5493
0.7535 5492
0.7535 5491
0.7535 5490
0.7535 5489
0.7535 5488
0.7535 5487
0.7535 5486
0.7535 5485
0.7535 5484
0.7535 5483
0.7535 5482
0.7535 5481
0.7535 5480
0.7535 5479
0.7535 5478
0.7535 5477
0.7535 5476
0.7535 5475
0.7535 5474
0.7535 5473
0.7535 5472
0.7535 5471
0.7535 5470
0.7535 5469
0.7535 5468
0.7535 5467
0.7535 5466
0.7535 5465
0.7535 5464
0.7535 5463
0.7535 5462
0.7535 5461
0.7535 5460
0.7535 5459
0.7535 5458
0.7535 5457
0.7535 5456
0.7535 5455
0.7535 5454
0.7535 5453
0.7535 5452
0.7535 5451
0.7535 5450
0.7535 5449
0.7535 5448
0.7535 5447
0.7535 5446
0.7535 5445
0.7535 5444
0.7535 5443
0.7535 5442
0.7535 5441
0.7535 5440
0.7535 5439
0.7535 5438
0.7535 5437
0.7535 5436
0.7535 5435
0.7535 5434
0.7535 5433
0.7535 5432
0.7535 5431
0.7535 5430
0.7535 5429
0.7535 5428
0.7535 5427
0.7535 5426
0.7535 5425
0.7535 5424
0.7535 5423
0.7535 5422
0.7535 5421
0.7535 5420
0.7535 5419
0.7535 5418
0.7535 5417
0.7535 5416
0.7535 5415
0.7535 5414
0.7535 5413
0.7535 5412
0.7535 5411
0.7535 5410
0.7535 5409
0.7535 5408
0.7535 5407
0.7535 5406
0.7535 5405
0.7535 5404
0.7535 5403
0.7535 5402
0.7535 5401
0.7535 5400
0.7535 5399
0.7535 5398
0.7535 5397
0.7535 5396
0.7535 5395
0.7535 5394
0.7535 5393
0.7535 5392
0.7535 5391
0.7535 5390
0.7535 5389
0.7535 5388
0.7535 5387
0.7535 5386
0.7535 5385
0.7535 5384
0.7535 5383
0.7535 5382
0.7535 5381
0.7535 5380
0.7535 5379
0.7535 5378
0.7535 5377
0.7535 5376
0.7535 5375
0.7535 5374
0.7535 5373
0.7535 5372
0.7535 5371
0.7535 5370
0.7535 5369
0.7535 5368
0.7535 5367
0.7535 5366
0.7535 5365
0.7535 5364
0.7535 5363
0.7535 5362
0.7535 5361
0.7535 5360
0.7535 5359
0.7535 5358
0.7535 5357
0.7535 5356
0.7535 5355
0.7535 5354
0.7535 5353
0.7535 5352
0.7535 5351
0.7535 5350
0.7535 5349
0.7535 5348
0.7535 5347
0.7535 5346
0.7535 5345
0.7535 5344
0.7535 5343
0.7535 5342
0.7535 5341
0.7535 5340
0.7535 5339
0.7535 5338
0.7535 5337
0.7535 5336
0.7535 5335
0.7535 5334
0.7535 5333
0.7535 5332
0.7535 5331
0.7535 5330
0.7535 5329
0.7535 5328
0.7535 5327
0.7535 5326
0.7535 5325
0.7535 5324
0.7535 5323
0.7535 5322
0.7535 5321
0.7535 5320
0.7535 5319
0.7535 5318
0.7535 5317
0.7535 5316
0.7535 5315
0.7535 5314
0.7535 5313
0.7535 5312
0.7535 5311
0.7535 5310
0.7535 5309
0.7535 5308
0.7535 5307
0.7535 5306
0.7535 5305
0.7535 5304
0.7535 5303
0.7535 5302
0.7535 5301
0.7535 5300
0.7535 5299
0.7535 5298
0.7535 5297
0.7535 5296
0.7535 5295
0.7535 5294
0.7535 5293
0.7535 5292
0.7535 5291
0.7535 5290
0.7535 5289
0.7535 5288
0.7535 5287
0.7535 5286
0.7535 5285
0.7535 5284
0.7535 5283
0.7535 5282
0.7535 5281
0.7535 5280
0.7535 5279
0.7535 5278
0.7535 5277
0.7535 5276
0.7535 5275
0.7535 5274
0.7535 5273
0.7535 5272
0.7535 5271
0.7535 5270
0.7535 5269
0.7535 5268
0.7535 5267
0.753375 5267
0.753375 5266
0.753375 5265
0.753375 5264
0.753375 5263
0.753375 5262
0.753375 5261
0.753375 5260
0.753375 5259
0.753375 5258
0.753375 5257
0.753375 5256
0.753375 5255
0.753375 5254
0.753375 5253
0.753375 5252
0.753375 5251
0.753375 5250
0.753375 5249
0.753375 5248
0.753375 5247
0.753375 5246
0.753375 5245
0.753375 5244
0.753375 5243
0.753375 5242
0.753375 5241
0.753375 5240
0.753375 5239
0.753375 5238
0.753375 5237
0.753375 5236
0.753375 5235
0.753375 5234
0.753375 5233
0.753375 5232
0.753375 5231
0.753375 5230
0.753375 5229
0.753375 5228
0.753375 5227
0.753375 5226
0.753375 5225
0.753375 5224
0.753375 5223
0.753375 5222
0.753375 5221
0.753375 5220
0.753375 5219
0.753375 5218
0.753375 5217
0.753375 5216
0.753375 5215
0.753375 5214
0.753375 5213
0.753375 5212
0.753375 5211
0.753375 5210
0.753375 5209
0.753375 5208
0.753375 5207
0.753375 5206
0.753375 5205
0.753375 5204
0.753375 5203
0.753375 5202
0.753375 5201
0.753375 5200
0.753375 5199
0.753375 5198
0.753375 5197
0.753375 5196
0.753375 5195
0.753375 5194
0.753375 5193
0.753375 5192
0.753375 5191
0.753375 5190
0.753375 5189
0.753375 5188
0.753375 5187
0.753375 5186
0.753375 5185
0.753375 5184
0.753375 5183
0.753375 5182
0.753375 5181
0.753375 5180
0.753375 5179
0.753375 5178
0.753375 5177
0.753375 5176
0.753375 5175
0.753375 5174
0.753375 5173
0.753375 5172
0.753375 5171
0.753375 5170
0.753375 5169
0.753375 5168
0.753375 5167
0.753375 5166
0.753375 5165
0.753375 5164
0.753375 5163
0.753375 5162
0.753375 5161
0.753375 5160
0.753375 5159
0.753375 5158
0.753375 5157
0.753375 5156
0.753375 5155
0.753375 5154
0.753375 5153
0.753375 5152
0.753375 5151
0.753375 5150
0.753375 5149
0.753375 5148
0.753375 5147
0.753375 5146
0.753375 5145
0.753375 5144
0.753375 5143
0.753375 5142
0.753375 5141
0.753375 5140
0.753375 5139
0.753375 5138
0.753375 5137
0.753375 5136
0.753375 5135
0.753375 5134
0.753375 5133
0.753375 5132
0.753375 5131
0.753375 5130
0.753375 5129
0.753375 5128
0.753375 5127
0.753375 5126
0.753375 5125
0.753375 5124
0.753375 5123
0.753375 5122
0.753375 5121
0.753375 5120
0.753375 5119
0.753375 5118
0.753375 5117
0.753375 5116
0.753375 5115
0.753375 5114
0.753375 5113
0.753375 5112
0.753375 5111
0.753375 5110
0.753375 5109
0.753375 5108
0.753375 5107
0.753375 5106
0.753375 5105
0.753375 5104
0.753375 5103
0.753375 5102
0.753375 5101
0.753375 5100
0.753375 5099
0.753375 5098
0.753375 5097
0.753375 5096
0.753375 5095
0.753375 5094
0.753375 5093
0.753375 5092
0.753375 5091
0.753375 5090
0.753375 5089
0.753375 5088
0.753375 5087
0.753375 5086
0.753375 5085
0.753375 5084
0.753375 5083
0.753375 5082
0.753375 5081
0.753375 5080
0.753375 5079
0.753375 5078
0.753375 5077
0.753375 5076
0.753375 5075
0.753375 5074
0.753375 5073
0.753375 5072
0.753375 5071
0.753375 5070
0.753375 5069
0.753375 5068
0.753375 5067
0.753375 5066
0.753375 5065
0.753375 5064
0.753375 5063
0.753375 5062
0.753375 5061
0.753375 5060
0.753375 5059
0.753375 5058
0.753375 5057
0.753375 5056
0.753375 5055
0.753375 5054
0.753375 5053
0.753375 5052
0.753375 5051
0.753375 5050
0.753375 5049
0.753375 5048
0.753375 5047
0.753375 5046
0.753375 5045
0.753375 5044
0.753375 5043
0.753375 5042
0.753375 5041
0.753375 5040
0.753375 5039
0.753375 5038
0.753375 5037
0.753375 5036
0.753375 5035
0.753375 5034
0.753375 5033
0.753375 5032
0.753375 5031
0.753375 5030
0.753375 5029
0.753375 5028
0.753375 5027
0.753375 5026
0.753375 5025
0.753375 5024
0.753375 5023
0.753375 5022
0.753375 5021
0.753375 5020
0.753375 5019
0.753375 5018
0.753375 5017
0.753375 5016
0.753375 5015
0.753375 5014
0.753375 5013
0.753375 5012
0.753375 5011
0.753375 5010
0.753375 5009
0.753375 5008
0.753375 5007
0.753375 5006
0.753375 5005
0.753375 5004
0.753375 5003
0.753375 5002
0.753375 5001
0.753375 5000
0.753375 4999
0.753375 4998
0.753375 4997
0.753375 4996
0.753375 4995
0.753375 4994
0.753375 4993
0.753375 4992
0.753375 4991
0.753375 4990
0.753375 4989
0.753375 4988
0.753375 4987
0.753375 4986
0.753375 4985
0.753375 4984
0.753375 4983
0.753375 4982
0.753375 4981
0.753375 4980
0.753375 4979
0.753375 4978
0.753375 4977
0.753375 4976
0.753375 4975
0.753375 4974
0.753375 4973
0.753375 4972
0.753375 4971
0.753375 4970
0.753375 4969
0.753375 4968
0.753375 4967
0.753375 4966
0.753375 4965
0.753375 4964
0.753375 4963
0.753375 4962
0.753375 4961
0.753375 4960
0.753375 4959
0.753362 4958
0.753362 4957
0.753362 4956
0.753362 4955
0.753362 4954
0.753362 4953
0.753362 4952
0.753362 4951
0.753362 4950
0.753362 4949
0.753362 4948
0.753362 4947
0.753362 4946
0.753362 4945
0.753362 4944
0.753362 4943
0.753362 4942
0.753362 4941
0.753362 4940
0.753362 4939
0.753362 4938
0.753362 4937
0.753362 4936
0.753362 4935
0.753362 4934
0.753362 4933
0.753362 4932
0.753362 4931
0.753362 4930
0.753362 4929
0.753362 4928
0.753362 4927
0.753362 4926
0.753362 4925
0.753362 4924
0.753362 4923
0.753362 4922
0.753362 4921
0.753362 4920
0.753362 4919
0.753362 4918
0.753362 4917
0.753362 4916
0.753362 4915
0.753362 4914
0.753362 4913
0.753362 4912
0.753362 4911
0.753362 4910
0.753362 4909
0.753362 4908
0.753362 4907
0.753362 4906
0.753362 4905
0.753362 4904
0.753362 4903
0.753362 4902
0.753362 4901
0.753362 4900
0.753362 4899
0.753362 4898
0.753362 4897
0.753362 4896
0.753362 4895
0.753362 4894
0.753362 4893
0.753362 4892
0.753362 4891
0.753362 4890
0.753362 4889
0.753362 4888
0.753362 4887
0.753362 4886
0.753362 4885
0.753362 4884
0.753362 4883
0.753362 4882
0.753362 4881
0.753362 4880
0.753362 4879
0.753362 4878
0.753362 4877
0.753362 4876
0.753362 4875
0.753362 4874
0.753362 4873
0.753362 4872
0.753362 4871
0.753362 4870
0.753362 4869
0.753362 4868
0.753362 4867
0.753362 4866
0.753362 4865
0.753362 4864
0.753362 4863
0.753362 4862
0.753362 4861
0.753362 4860
0.753362 4859
0.753362 4858
0.753362 4857
0.753362 4856
0.753362 4855
0.753362 4854
0.753362 4853
0.753362 4852
0.753362 4851
0.753362 4850
0.753362 4849
0.753362 4848
0.753362 4847
0.753362 4846
0.753362 4845
0.753362 4844
0.753362 4843
0.753362 4842
0.753362 4841
0.753362 4840
0.753362 4839
0.753362 4838
0.753362 4837
0.753362 4836
0.753362 4835
0.753362 4834
0.753362 4833
0.753362 4832
0.753362 4831
0.753362 4830
0.753362 4829
0.753362 4828
0.753362 4827
0.753362 4826
0.753362 4825
0.753362 4824
0.753362 4823
0.753362 4822
0.753362 4821
0.753362 4820
0.753362 4819
0.753362 4818
0.753362 4817
0.753362 4816
0.753362 4815
0.753362 4814
0.753362 4813
0.753362 4812
0.753362 4811
0.753362 4810
0.753362 4809
0.753362 4808
0.753362 4807
0.753362 4806
0.753362 4805
0.753362 4804
0.753362 4803
0.753362 4802
0.753362 4801
0.753362 4800
0.753362 4799
0.753362 4798
0.753362 4797
0.753362 4796
0.753362 4795
0.753362 4794
0.753362 4793
0.753362 4792
0.753362 4791
0.753362 4790
0.753362 4789
0.753362 4788
0.753362 4787
0.753362 4786
0.753362 4785
0.753362 4784
0.753362 4783
0.753362 4782
0.753362 4781
0.753362 4780
0.753362 4779
0.753362 4778
0.753362 4777
0.753362 4776
0.753362 4775
0.753362 4774
0.753362 4773
0.753362 4772
0.753362 4771
0.753362 4770
0.753362 4769
0.753362 4768
0.753362 4767
0.753362 4766
0.753362 4765
0.753362 4764
0.753362 4763
0.753362 4762
0.753362 4761
0.753362 4760
0.753362 4759
0.753362 4758
0.753362 4757
0.753362 4756
0.753362 4755
0.753362 4754
0.753362 4753
0.753362 4752
0.753362 4751
0.753362 4750
0.753362 4749
0.753362 4748
0.753362 4747
0.753362 4746
0.753362 4745
0.753362 4744
0.753362 4743
0.753362 4742
0.753362 4741
0.753362 4740
0.753362 4739
0.753362 4738
0.753362 4737
0.753362 4736
0.753362 4735
0.753362 4734
0.753362 4733
0.753362 4732
0.753362 4731
0.753362 4730
0.753362 4729
0.753362 4728
0.753362 4727
0.753362 4726
0.753362 4725
0.753362 4724
0.753362 4723
0.753362 4722
0.753362 4721
0.753362 4720
0.753362 4719
0.753362 4718
0.753362 4717
0.753362 4716
0.753362 4715
0.753362 4714
0.753362 4713
0.753362 4712
0.753362 4711
0.753362 4710
0.753362 4709
0.753362 4708
0.753362 4707
0.753362 4706
0.753362 4705
0.753362 4704
0.753362 4703
0.753362 4702
0.753362 4701
0.753362 4700
0.753362 4699
0.753362 4698
0.753362 4697
0.753362 4696
0.753362 4695
0.753362 4694
0.753362 4693
0.753362 4692
0.753362 4691
0.753362 4690
0.753362 4689
0.753362 4688
0.753362 4687
0.753362 4686
0.753362 4685
0.753362 4684
0.753362 4683
0.753362 4682
0.753362 4681
0.753362 4680
0.753362 4679
0.753362 4678
0.753362 4677
0.753362 4676
0.753362 4675
0.753362 4674
0.753362 4673
0.753362 4672
0.753362 4671
0.753362 4670
0.753362 4669
0.753362 4668
0.753362 4667
0.753362 4666
0.753362 4665
0.753362 4664
0.753362 4663
0.753362 4662
0.753362 4661
0.753362 4660
0.753362 4659
0.753362 4658
0.753362 4657
0.753362 4656
0.753362 4655
0.753362 4654
0.753362 4653
0.753362 4652
0.753362 4651
0.753362 4650
0.753362 4649
0.753362 4648
0.753362 4647
0.753362 4646
0.753362 4645
0.753362 4644
0.753362 4643
0.753362 4642
0.753362 4641
0.753362 4640
0.753362 4639
0.753362 4638
0.753362 4637
0.753362 4636
0.753362 4635
0.753362 4634
0.753362 4633
0.753362 4632
0.753362 4631
0.753362 4630
0.753362 4629
0.753362 4628
0.753362 4627
0.753362 4626
0.753362 4625
0.753362 4624
0.753362 4623
0.753362 4622
0.753362 4621
0.753362 4620
0.753362 4619
0.753362 4618
0.753362 4617
0.753362 4616
0.753362 4615
0.753362 4614
0.753362 4613
0.753362 4612
0.753362 4611
0.753362 4610
0.753362 4609
0.753362 4608
0.753362 4607
0.753362 4606
0.753236 4606
0.753236 4605
0.753236 4604
0.753236 4603
0.753236 4602
0.753236 4601
0.753236 4600
0.753236 4599
0.753236 4598
0.753236 4597
0.753236 4596
0.753236 4595
0.753236 4594
0.753236 4593
0.753236 4592
0.753236 4591
0.753236 4590
0.753236 4589
0.753236 4588
0.753236 4587
0.753236 4586
0.753236 4585
0.753236 4584
0.753236 4583
0.753236 4582
0.753236 4581
0.753236 4580
0.753236 4579
0.753236 4578
0.753236 4577
0.753236 4576
0.753236 4575
0.753236 4574
0.753236 4573
0.753236 4572
0.753236 4571
0.753236 4570
0.753236 4569
0.753236 4568
0.753236 4567
0.753236 4566
0.753236 4565
0.753236 4564
0.753236 4563
0.753236 4562
0.753236 4561
0.753236 4560
0.753236 4559
0.753236 4558
0.753236 4557
0.753236 4556
0.753236 4555
0.753236 4554
0.753236 4553
0.753236 4552
0.753236 4551
0.753236 4550
0.753236 4549
0.753236 4548
0.753236 4547
0.753236 4546
0.753236 4545
0.753236 4544
0.753236 4543
0.753236 4542
0.753236 4541
0.753236 4540
0.753236 4539
0.753236 4538
0.753236 4537
0.753236 4536
0.753236 4535
0.753236 4534
0.753236 4533
0.753236 4532
0.753236 4531
0.753236 4530
0.753236 4529
0.753236 4528
0.753236 4527
0.753236 4526
0.753236 4525
0.753236 4524
0.753236 4523
0.753236 4522
0.753236 4521
0.753236 4520
0.753236 4519
0.753236 4518
0.753236 4517
0.753236 4516
0.753236 4515
0.753236 4514
0.753236 4513
0.753236 4512
0.753236 4511
0.753236 4510
0.753236 4509
0.753236 4508
0.753236 4507
0.753236 4506
0.753236 4505
0.753236 4503
0.753236 4502
0.753236 4501
0.753236 4500
0.753236 4499
0.753236 4498
0.753236 4497
0.753236 4496
0.753236 4495
0.753236 4494
0.753236 4493
0.753236 4492
0.753236 4491
0.753236 4490
0.753236 4489
0.753236 4488
0.753236 4487
0.753236 4486
0.753236 4485
0.753236 4484
0.753236 4483
0.753236 4482
0.753236 4481
0.753236 4480
0.753236 4479
0.753236 4478
0.753236 4477
0.753236 4476
0.753236 4475
0.753236 4474
0.753236 4473
0.753236 4472
0.753236 4471
0.753236 4470
0.753236 4469
0.753236 4468
0.753236 4467
0.753236 4466
0.753236 4465
0.753236 4464
0.753236 4463
0.753236 4462
0.753236 4461
0.753236 4460
0.753236 4459
0.753236 4458
0.753236 4457
0.753236 4456
0.753236 4455
0.753236 4454
0.753236 4453
0.753236 4452
0.753236 4451
0.753236 4450
0.753236 4449
0.753236 4448
0.753236 4447
0.753236 4446
0.753236 4445
0.753236 4444
0.753236 4443
0.753236 4442
0.753236 4441
0.753236 4440
0.753236 4439
0.753236 4438
0.753236 4437
0.753236 4436
0.753236 4435
0.753236 4434
0.753236 4433
0.753236 4432
0.753236 4431
0.753236 4430
0.753236 4429
0.753236 4428
0.753236 4427
0.753236 4426
0.753236 4425
0.753236 4424
0.753236 4423
0.753236 4422
0.753236 4421
0.753236 4420
0.753236 4419
0.753236 4418
0.753236 4417
0.753236 4416
0.753236 4415
0.753236 4414
0.753236 4413
0.753236 4411
0.753236 4410
0.753236 4409
0.753236 4408
0.753236 4407
0.753236 4406
0.753236 4405
0.753236 4404
0.753236 4403
0.753236 4402
0.753236 4401
0.753236 4400
0.753236 4399
0.753236 4398
0.753236 4397
0.753236 4396
0.753236 4395
0.753236 4394
0.753236 4393
0.753236 4392
0.753236 4391
0.753236 4390
0.753236 4389
0.753236 4388
0.753236 4387
0.753236 4386
0.753236 4385
0.753236 4384
0.753236 4383
0.753236 4382
0.753236 4381
0.753236 4380
0.753236 4379
0.753236 4378
0.753236 4377
0.753236 4376
0.753236 4375
0.753236 4374
0.753236 4373
0.753236 4372
0.753236 4371
0.753236 4370
0.753236 4369
0.753236 4368
0.753236 4367
0.753236 4366
0.753236 4365
0.753236 4364
0.753236 4363
0.753236 4362
0.753236 4361
0.753236 4360
0.753236 4359
0.753236 4358
0.753236 4357
0.753236 4356
0.753236 4355
0.753236 4354
0.753236 4353
0.753236 4352
0.753236 4351
0.753236 4350
0.753236 4349
0.753236 4348
0.753236 4347
0.753236 4346
0.753236 4345
0.753236 4344
0.753236 4343
0.753236 4342
0.753236 4341
0.753236 4340
0.753236 4339
0.753236 4338
0.753236 4337
0.753236 4336
0.753236 4335
0.753236 4334
0.753236 4333
0.753236 4332
0.753236 4331
0.753236 4330
0.753236 4329
0.753236 4328
0.753236 4327
0.753236 4326
0.753236 4325
0.753236 4324
0.753236 4323
0.753236 4322
0.753236 4321
0.753236 4320
0.753236 4319
0.753236 4318
0.753236 4317
0.753236 4316
0.753236 4315
0.753236 4314
0.753236 4313
0.753236 4312
0.753236 4311
0.753236 4310
0.753236 4309
0.753236 4308
0.753236 4307
0.753236 4306
0.753236 4305
0.753236 4304
0.753236 4303
0.753236 4302
0.753236 4301
0.753236 4300
0.753236 4299
0.753236 4298
0.753236 4297
0.753236 4296
0.753236 4295
0.753236 4294
0.753236 4293
0.753236 4292
0.753236 4291
0.753236 4290
0.753236 4289
0.753236 4288
0.753236 4287
0.753236 4286
0.753236 4285
0.753236 4284
0.753236 4283
0.753236 4282
0.753236 4281
0.753236 4280
0.753236 4279
0.753236 4278
0.753236 4277
0.753236 4276
0.753236 4275
0.753236 4274
0.753236 4273
0.753236 4272
0.753236 4271
0.753236 4270
0.753236 4269
0.753236 4268
0.753236 4267
0.753236 4266
0.753236 4265
0.753236 4264
0.753236 4263
0.753236 4262
0.753236 4261
0.753236 4260
0.753236 4259
0.753236 4258
0.753236 4257
0.753236 4256
0.753236 4255
0.753236 4254
0.753236 4253
0.753236 4252
0.753236 4251
0.753236 4250
0.753236 4249
0.753236 4248
0.753236 4247
0.753236 4246
0.753236 4245
0.753236 4244
0.753236 4243
0.753236 4242
0.753236 4241
0.753236 4240
0.753236 4239
0.753236 4238
0.753236 4237
0.753236 4236
0.753236 4235
0.753236 4234
0.753236 4233
0.753236 4232
0.753236 4231
0.753236 4230
0.753236 4229
0.753236 4228
0.753236 4227
0.753236 4226
0.753236 4225
0.753236 4224
0.753236 4223
0.753236 4222
0.753236 4221
0.753236 4220
0.753236 4219
0.753236 4218
0.753236 4217
0.753236 4216
0.753236 4215
0.753236 4214
0.753236 4213
0.753236 4212
0.753232 4211
0.753232 4210
0.753232 4209
0.753232 4208
0.753232 4207
0.753232 4206
0.753232 4205
0.753232 4204
0.753232 4203
0.753232 4202
0.753232 4201
0.753232 4200
0.753232 4199
0.753232 4198
0.753232 4197
0.753232 4196
0.753232 4195
0.753232 4194
0.753232 4193
0.753232 4192
0.753232 4191
0.753232 4190
0.753232 4189
0.753232 4188
0.753232 4187
0.753232 4186
0.753232 4185
0.753232 4184
0.753232 4183
0.753232 4182
0.753232 4181
0.753232 4180
0.753232 4179
0.753232 4178
0.753232 4177
0.753232 4176
0.753232 4175
0.753232 4174
0.753232 4173
0.753232 4172
0.753232 4171
0.753232 4170
0.753232 4169
0.753232 4168
0.753232 4167
0.753232 4166
0.753232 4165
0.753232 4164
0.753232 4163
0.753232 4162
0.753232 4161
0.753232 4160
0.753232 4159
0.753232 4158
0.753232 4157
0.753232 4156
0.753232 4155
0.753232 4154
0.753232 4153
0.753232 4152
0.753232 4151
0.753232 4150
0.753232 4149
0.753232 4148
0.753232 4147
0.753232 4146
0.753232 4145
0.753232 4144
0.753232 4143
0.753232 4142
0.753232 4141
0.753232 4140
0.753232 4139
0.753232 4138
0.753232 4137
0.753232 4136
0.753232 4135
0.753232 4134
0.753232 4133
0.753232 4132
0.753232 4131
0.753232 4130
0.753232 4129
0.753232 4128
0.753232 4127
0.753232 4126
0.753232 4125
0.753232 4124
0.753232 4123
0.753232 4122
0.753232 4121
0.753232 4120
0.753232 4119
0.753232 4118
0.753232 4117
0.753232 4116
0.753232 4115
0.753232 4114
0.753232 4113
0.753232 4112
0.753232 4111
0.753232 4110
0.753232 4109
0.753232 4108
0.753232 4107
0.753232 4106
0.753232 4105
0.753232 4104
0.753232 4103
0.753232 4102
0.753232 4101
0.753232 4100
0.753232 4099
0.753232 4098
0.753232 4097
0.753232 4096
0.753232 4095
0.753232 4094
0.753232 4093
0.753232 4092
0.753232 4091
0.753232 4090
0.753232 4089
0.753232 4088
0.753232 4087
0.753232 4086
0.753232 4085
0.753232 4084
0.753232 4083
0.753232 4082
0.753232 4081
0.753232 4080
0.753232 4079
0.753232 4078
0.753232 4077
0.753232 4076
0.753232 4075
0.753232 4074
0.753232 4073
0.753232 4072
0.753232 4071
0.753232 4070
0.753232 4069
0.753232 4068
0.753232 4067
0.753232 4066
0.753232 4065
0.753232 4064
0.753232 4063
0.753232 4062
0.753232 4061
0.753232 4060
0.753232 4059
0.753232 4058
0.753232 4057
0.753232 4056
0.753232 4055
0.753232 4054
0.753232 4053
0.753232 4052
0.753232 4051
0.753232 4050
0.753232 4049
0.753232 4048
0.753232 4047
0.753232 4046
0.753232 4045
0.753232 4044
0.753232 4043
0.753232 4042
0.753232 4041
0.753232 4040
0.753232 4039
0.753232 4038
0.753232 4037
0.753232 4036
0.753232 4035
0.753232 4034
0.753232 4033
0.753232 4032
0.753232 4031
0.753232 4030
0.753232 4029
0.753232 4028
0.753232 4027
0.753232 4026
0.753232 4025
0.753232 4024
0.753232 4023
0.753232 4022
0.753232 4021
0.753232 4020
0.753232 4019
0.753232 4018
0.753232 4017
0.753232 4016
0.753232 4015
0.753232 4014
0.753232 4013
0.753232 4012
0.753232 4011
0.753232 4010
0.753232 4009
0.753232 4008
0.753232 4007
0.753232 4006
0.753232 4005
0.753232 4004
0.753232 4003
0.753232 4002
0.753232 4001
0.753232 4000
0.753232 3999
0.753232 3998
0.753232 3997
0.753232 3996
0.753232 3995
0.753232 3994
0.753232 3993
0.753232 3992
0.753232 3991
0.753232 3990
0.753232 3989
0.753232 3988
0.753232 3987
0.753232 3986
0.753232 3985
0.753232 3984
0.753232 3983
0.753232 3982
0.753232 3981
0.753232 3980
0.753232 3979
0.753232 3978
0.753232 3977
0.753232 3976
0.753232 3975
0.753232 3974
0.753232 3973
0.753232 3972
0.753232 3971
0.753232 3970
0.753232 3969
0.753232 3968
0.753232 3967
0.753232 3966
0.753232 3965
0.753232 3964
0.753232 3963
0.753232 3962
0.753232 3961
0.753232 3960
0.753232 3959
0.753232 3958
0.753232 3957
0.753232 3956
0.753232 3955
0.753232 3954
0.753232 3953
0.753232 3952
0.753232 3951
0.753232 3950
0.753232 3949
0.753232 3948
0.753232 3947
0.753232 3946
0.753232 3945
0.753232 3944
0.753232 3943
0.753232 3942
0.753232 3941
0.753232 3940
0.753232 3939
0.753232 3938
0.753232 3937
0.753232 3936
0.753232 3935
0.753232 3934
0.753232 3933
0.753232 3932
0.753232 3931
0.753232 3930
0.753232 3929
0.753232 3928
0.753232 3927
0.753232 3926
0.753232 3925
0.753232 3924
0.753232 3923
0.753232 3922
0.753232 3921
0.753232 3920
0.753232 3919
0.753232 3918
0.753232 3917
0.753232 3916
0.753232 3915
0.753232 3914
0.753232 3913
0.753232 3912
0.753232 3911
0.753232 3910
0.753232 3909
0.753232 3908
0.753232 3907
0.753232 3906
0.753232 3905
0.753232 3904
0.753232 3903
0.753232 3902
0.753232 3901
0.753232 3900
0.753232 3899
0.753232 3898
0.753232 3897
0.753232 3896
0.753232 3895
0.753232 3894
0.753232 3893
0.753232 3892
0.753232 3891
0.753232 3890
0.753232 3889
0.753232 3888
0.753232 3887
0.753232 3886
0.753232 3885
0.753232 3884
0.753232 3883
0.753232 3882
0.753232 3881
0.753232 3880
0.753232 3879
0.753232 3878
0.753232 3877
0.753232 3876
0.753232 3875
0.753232 3874
0.753232 3873
0.753232 3872
0.753232 3870
0.753232 3869
0.753232 3868
0.753232 3867
0.753232 3866
0.753232 3865
0.753232 3864
0.753232 3863
0.753232 3862
0.753232 3861
0.753232 3860
0.753232 3859
0.753232 3858
0.753232 3857
0.753232 3856
0.753232 3855
0.753232 3854
0.753232 3853
0.753232 3852
0.753232 3851
0.753232 3850
0.753232 3849
0.753232 3848
0.753232 3847
0.753232 3846
0.753232 3845
0.753232 3844
0.753232 3843
0.753232 3842
0.753232 3841
0.753232 3840
0.753232 3839
0.753232 3838
0.753232 3837
0.753232 3836
0.753232 3835
0.753232 3834
0.753232 3833
0.753232 3832
0.753232 3831
0.753232 3830
0.753232 3829
0.753232 3828
0.753232 3827
0.753232 3826
0.753232 3825
0.753232 3824
0.753232 3823
0.753232 3822
0.753232 3821
0.753232 3820
0.753232 3819
0.753232 3818
0.753232 3817
0.753232 3816
0.753232 3815
0.753232 3814
0.753232 3813
0.753232 3812
0.753232 3811
0.753232 3810
0.753232 3809
0.753232 3808
0.753232 3807
0.753232 3806
0.753232 3805
0.753232 3804
0.753232 3803
0.753232 3802
0.753232 3801
0.753232 3800
0.753232 3799
0.753232 3798
0.753232 3797
0.753232 3796
0.753232 3795
0.753232 3794
0.753232 3793
0.753232 3792
0.753232 3791
0.753232 3790
0.753232 3789
0.753232 3788
0.753232 3787
0.753232 3786
0.753232 3785
0.753232 3784
0.753232 3783
0.753232 3782
0.753232 3781
0.753232 3780
0.753232 3779
0.753232 3778
0.753232 3777
0.753232 3776
0.753232 3775
0.753232 3774
0.753232 3773
0.753232 3772
0.753232 3771
0.753232 3770
0.753232 3769
0.753232 3768
0.753232 3767
0.753232 3766
0.753232 3765
0.753232 3764
0.753232 3763
0.753232 3762
0.753232 3761
0.753232 3760
0.753232 3759
0.753232 3758
0.753232 3757
0.753232 3756
0.753232 3755
0.753232 3754
0.753232 3753
0.753232 3752
0.753232 3751
0.753232 3750
0.753232 3749
0.753232 3748
0.753232 3747
0.753232 3746
0.753232 3745
0.753232 3744
0.753232 3743
0.753232 3742
0.753232 3741
0.753232 3740
0.753232 3739
0.753232 3738
0.753232 3737
0.753232 3736
0.753232 3735
0.753232 3734
0.753232 3733
0.753232 3732
0.753232 3731
0.753232 3730
0.753232 3729
0.753232 3728
0.753232 3727
0.753232 3726
0.753232 3725
0.753232 3724
0.753232 3723
0.753232 3722
0.753232 3721
0.753232 3720
0.753232 3719
0.753232 3718
0.753232 3717
0.753232 3716
0.753232 3715
0.753232 3714
0.753232 3713
0.753232 3712
0.753232 3711
0.753232 3710
0.753232 3709
0.753232 3708
0.753232 3707
0.753232 3706
0.753232 3705
0.753232 3704
0.753232 3703
0.753232 3702
0.753232 3701
0.753232 3700
0.753232 3699
0.753232 3698
0.753232 3697
0.753232 3696
0.753232 3695
0.753232 3694
0.753232 3693
0.753232 3692
0.753232 3691
0.753232 3690
0.753232 3689
0.753232 3688
0.753232 3687
0.753232 3686
0.753232 3685
0.753232 3684
0.753232 3683
0.753232 3682
0.753232 3681
0.753232 3680
0.753232 3679
0.753232 3678
0.753232 3677
0.753232 3676
0.753232 3675
0.753232 3674
0.753232 3673
0.753232 3672
0.753232 3671
0.753232 3670
0.753232 3669
0.753232 3668
0.753232 3667
0.753232 3666
0.753232 3665
0.753232 3664
0.753232 3663
0.753232 3662
0.753232 3661
0.753232 3660
0.753232 3659
0.753232 3658
0.753232 3657
0.753232 3656
0.753232 3655
0.753232 3654
0.753232 3653
0.753232 3651
0.753232 3650
0.753232 3649
0.753232 3648
0.753232 3647
0.753232 3646
0.753232 3645
0.753232 3644
0.753232 3643
0.753232 3642
0.753232 3641
0.753232 3640
0.753232 3639
0.753232 3638
0.753232 3637
0.753232 3636
0.753232 3635
0.753232 3634
0.753232 3633
0.753232 3632
0.753232 3631
0.753232 3630
0.753232 3629
0.753232 3628
0.753232 3627
0.753232 3626
0.753232 3625
0.753232 3624
0.753232 3623
0.753232 3622
0.753232 3621
0.753232 3620
0.753232 3619
0.753232 3618
0.753232 3617
0.753232 3616
0.753232 3615
0.753232 3614
0.753232 3613
0.753232 3612
0.753232 3611
0.753232 3610
0.753232 3609
0.753232 3608
0.753232 3607
0.753232 3606
0.753232 3605
0.753232 3604
0.753232 3603
0.753232 3602
0.753232 3601
0.753232 3600
0.753232 3599
0.753232 3598
0.753232 3597
0.753232 3596
0.753232 3595
0.753232 3594
0.753232 3593
0.753232 3592
0.753232 3591
0.753232 3590
0.753232 3589
0.753232 3588
0.753232 3587
0.753232 3586
0.753232 3585
0.753232 3584
0.753232 3583
0.753232 3582
0.753232 3581
0.753232 3580
0.753232 3579
0.753232 3578
0.753232 3577
0.753232 3576
0.753232 3575
0.753232 3574
0.753232 3573
0.753232 3572
0.753232 3571
0.753232 3570
0.753232 3569
0.753232 3568
0.753232 3567
0.75312 3567
0.75312 3566
0.75312 3565
0.75312 3564
0.75312 3563
0.75312 3562
0.75312 3561
0.75312 3560
0.75312 3559
0.75312 3558
0.75312 3557
0.75312 3556
0.75312 3555
0.75312 3554
0.75312 3553
0.75312 3552
0.75312 3551
0.75312 3550
0.75312 3549
0.75312 3548
0.75312 3547
0.75312 3546
0.75312 3545
0.75312 3544
0.75312 3543
0.75312 3542
0.75312 3541
0.75312 3540
0.75312 3539
0.75312 3538
0.75312 3537
0.75312 3536
0.75312 3535
0.75312 3534
0.75312 3533
0.75312 3532
0.75312 3531
0.75312 3530
0.75306 3529
0.75306 3528
0.75306 3527
0.75306 3526
0.75306 3525
0.75306 3524
0.75306 3523
0.75306 3522
0.75306 3521
0.75306 3520
0.75306 3519
0.75306 3518
0.75306 3517
0.75306 3516
0.75306 3515
0.75306 3514
0.75306 3512
0.75306 3511
0.75306 3510
0.75306 3509
0.75306 3508
0.75306 3507
0.75306 3506
0.75306 3505
0.75306 3504
0.75306 3503
0.75306 3502
0.75306 3501
0.75306 3500
0.75306 3499
0.75306 3498
0.75306 3497
0.75306 3496
0.75306 3495
0.75306 3494
0.75306 3493
0.75306 3492
0.75306 3491
0.75306 3490
0.75306 3489
0.75306 3488
0.75306 3487
0.75306 3486
0.75306 3485
0.75306 3484
0.75306 3483
0.75306 3482
0.75306 3481
0.75306 3480
0.75306 3479
0.75306 3478
0.75306 3477
0.75306 3476
0.75306 3475
0.75306 3474
0.75306 3473
0.75306 3472
0.75306 3471
0.75306 3470
0.75306 3469
0.75306 3468
0.75306 3467
0.752988 3466
0.752988 3465
0.752988 3464
0.752988 3463
0.752988 3462
0.752988 3461
0.752988 3460
0.752988 3459
0.752988 3458
0.752988 3457
0.752988 3456
0.752988 3455
0.752988 3454
0.752988 3453
0.752988 3452
0.752988 3451
0.752988 3450
0.752988 3449
0.752988 3448
0.752988 3447
0.752988 3446
0.752988 3445
0.752988 3444
0.752988 3443
0.752988 3442
0.752988 3441
0.752988 3440
0.752988 3439
0.752988 3438
0.752988 3437
0.752988 3436
0.752988 3435
0.752988 3434
0.752988 3433
0.752988 3432
0.752988 3431
0.752988 3430
0.752988 3429
0.752988 3428
0.752988 3427
0.752988 3426
0.752988 3425
0.752988 3424
0.752988 3423
0.752988 3422
0.752988 3421
0.752988 3420
0.752988 3419
0.752988 3418
0.752988 3417
0.752988 3416
0.752988 3415
0.752988 3414
0.752988 3413
0.752988 3412
0.752988 3411
0.752988 3410
0.752988 3409
0.752988 3408
0.752988 3407
0.752988 3406
0.752988 3405
0.752988 3404
0.752988 3403
0.752988 3402
0.752988 3401
0.752988 3400
0.752988 3399
0.752988 3398
0.752988 3397
0.752988 3396
0.752988 3395
0.752988 3394
0.752988 3393
0.752988 3392
0.752988 3391
0.752988 3390
0.752988 3389
0.752988 3388
0.752988 3387
0.752988 3386
0.752988 3385
0.752988 3384
0.752988 3383
0.752988 3382
0.752988 3381
0.752988 3380
0.752988 3379
0.752988 3378
0.752988 3377
0.752988 3376
0.752988 3375
0.752988 3374
0.752988 3373
0.752988 3372
0.752988 3371
0.752988 3370
0.752988 3369
0.752988 3368
0.752988 3367
0.752988 3366
0.752988 3365
0.752988 3364
0.752988 3363
0.752988 3362
0.752988 3361
0.752988 3360
0.752988 3359
0.752988 3358
0.752988 3357
0.752988 3356
0.752988 3355
0.752988 3354
0.752988 3353
0.752988 3352
0.752988 3351
0.752988 3350
0.752988 3349
0.752988 3348
0.752988 3347
0.752988 3346
0.752988 3345
0.752988 3344
0.752988 3343
0.752988 3342
0.752988 3341
0.752988 3340
0.752988 3339
0.752988 3338
0.752988 3337
0.752988 3336
0.752988 3335
0.752988 3334
0.752988 3333
0.752988 3332
0.752988 3331
0.752988 3330
0.752988 3329
0.752988 3328
0.752988 3327
0.752988 3326
0.752988 3325
0.752988 3324
0.752988 3323
0.752988 3322
0.752988 3321
0.752988 3320
0.752988 3319
0.752988 3318
0.752988 3317
0.752988 3316
0.752988 3315
0.752988 3314
0.752988 3313
0.752988 3312
0.752988 3311
0.752988 3310
0.752988 3309
0.752988 3308
0.752988 3307
0.752988 3306
0.752988 3305
0.752988 3304
0.752988 3303
0.752988 3302
0.752988 3301
0.752988 3300
0.752988 3299
0.752988 3298
0.752988 3297
0.752988 3296
0.752988 3295
0.752988 3294
0.752988 3293
0.752988 3292
0.752988 3291
0.752988 3290
0.752988 3289
0.752988 3288
0.752988 3287
0.752988 3286
0.752988 3285
0.752988 3284
0.752988 3283
0.752988 3282
0.752988 3281
0.752988 3280
0.752988 3279
0.752988 3278
0.752988 3277
0.752988 3276
0.752988 3275
0.752988 3274
0.752988 3273
0.752988 3272
0.752988 3271
0.752988 3270
0.752988 3269
0.752988 3268
0.752988 3267
0.752988 3266
0.752988 3265
0.752988 3264
0.752988 3263
0.752988 3262
0.752988 3261
0.752988 3260
0.752988 3259
0.752988 3258
0.752988 3257
0.752988 3256
0.752988 3255
0.752988 3254
0.752988 3253
0.752988 3252
0.752988 3251
0.752988 3250
0.752988 3249
0.752988 3248
0.752988 3247
0.752988 3246
0.752988 3245
0.752988 3244
0.752988 3243
0.752988 3242
0.752988 3241
0.752988 3240
0.752988 3239
0.752988 3238
0.752988 3237
0.752988 3236
0.752988 3235
0.752988 3234
0.752988 3233
0.752988 3232
0.752988 3231
0.752988 3230
0.752988 3229
0.752988 3228
0.752988 3227
0.752988 3226
0.752988 3225
0.752988 3224
0.752988 3223
0.752988 3222
0.752988 3221
0.752949 3220
0.752949 3219
0.752949 3218
0.752949 3217
0.752949 3216
0.752949 3215
0.752949 3214
0.752949 3213
0.752949 3212
0.752949 3211
0.752949 3210
0.752949 3209
0.752949 3208
0.752949 3207
0.752949 3206
0.752949 3205
0.752949 3204
0.752949 3203
0.752949 3202
0.752949 3201
0.752949 3200
0.752949 3199
0.752949 3198
0.752949 3197
0.752949 3196
0.752949 3195
0.752949 3194
0.752949 3193
0.752949 3192
0.752949 3191
0.752949 3190
0.752949 3189
0.752949 3188
0.752949 3187
0.752949 3186
0.752949 3185
0.752949 3184
0.752949 3183
0.752949 3182
0.752949 3181
0.752949 3180
0.752949 3179
0.752949 3178
0.752949 3177
0.752949 3176
0.752949 3175
0.752949 3174
0.752949 3173
0.752949 3172
0.752949 3171
0.752949 3170
0.752949 3169
0.752949 3168
0.752949 3167
0.752949 3166
0.752949 3165
0.752949 3164
0.752949 3163
0.752949 3162
0.752949 3161
0.752949 3160
0.752949 3159
0.752949 3158
0.752949 3157
0.752949 3156
0.752949 3155
0.752949 3154
0.752949 3153
0.752949 3152
0.752949 3151
0.752949 3150
0.752949 3149
0.752949 3148
0.752949 3147
0.752949 3146
0.752949 3145
0.752949 3144
0.752949 3143
0.752949 3142
0.752949 3141
0.752949 3140
0.752949 3139
0.752949 3138
0.752949 3137
0.752949 3136
0.752949 3135
0.752949 3134
0.752949 3133
0.752949 3132
0.752949 3131
0.752949 3130
0.752949 3129
0.752949 3128
0.752949 3127
0.752949 3126
0.752949 3125
0.752949 3124
0.752949 3123
0.752949 3122
0.752949 3121
0.752949 3120
0.752949 3119
0.752949 3118
0.752949 3117
0.752949 3116
0.752949 3115
0.752949 3114
0.752949 3113
0.752949 3112
0.752949 3111
0.752949 3110
0.752949 3109
0.752949 3108
0.752949 3107
0.752949 3106
0.752949 3105
0.752949 3104
0.752949 3103
0.752949 3102
0.752949 3101
0.752949 3100
0.752949 3099
0.752949 3098
0.752949 3097
0.752949 3096
0.752949 3095
0.752949 3094
0.752949 3093
0.752949 3092
0.752949 3091
0.752949 3090
0.752949 3089
0.752949 3088
0.752949 3087
0.752949 3086
0.752949 3085
0.752949 3084
0.752949 3083
0.752949 3082
0.752949 3081
0.752949 3080
0.752949 3079
0.752949 3078
0.752949 3077
0.752949 3076
0.752949 3075
0.752949 3074
0.752949 3073
0.752949 3072
0.752949 3071
0.752949 3070
0.752949 3069
0.752949 3068
0.752949 3067
0.752949 3066
0.752949 3065
0.752949 3064
0.752949 3063
0.752949 3062
0.752949 3061
0.752949 3060
0.752949 3059
0.752949 3058
0.752949 3057
0.752949 3056
0.752949 3055
0.752949 3054
0.752949 3053
0.752949 3052
0.752861 3051
0.752861 3050
0.752861 3049
0.752861 3048
0.752861 3047
0.752861 3046
0.752861 3045
0.752861 3044
0.752861 3043
0.752861 3042
0.752861 3041
0.752861 3040
0.752861 3039
0.752861 3038
0.752861 3037
0.752861 3036
0.752861 3035
0.752861 3034
0.752861 3033
0.752861 3032
0.752861 3031
0.752861 3030
0.752861 3029
0.752861 3028
0.752861 3027
0.752861 3026
0.752861 3025
0.752861 3024
0.752861 3023
0.752861 3022
0.752861 3021
0.752861 3020
0.752861 3019
0.752861 3018
0.752861 3017
0.752861 3016
0.752861 3015
0.752861 3014
0.752861 3013
0.752861 3012
0.752861 3011
0.752861 3010
0.752861 3009
0.752861 3008
0.752861 3007
0.752861 3006
0.752861 3005
0.752861 3004
0.752861 3003
0.752861 3002
0.752861 3001
0.752861 3000
0.752861 2999
0.752861 2998
0.752861 2997
0.752861 2996
0.752861 2995
0.752861 2994
0.752861 2993
0.752861 2992
0.752861 2991
0.752861 2990
0.752861 2989
0.752861 2988
0.752861 2987
0.752861 2986
0.752861 2985
0.752861 2984
0.752861 2983
0.752861 2982
0.752861 2981
0.752861 2980
0.752861 2979
0.752861 2978
0.752861 2977
0.752861 2976
0.752861 2975
0.752861 2974
0.752861 2973
0.752861 2972
0.752861 2971
0.752861 2970
0.752861 2969
0.752861 2968
0.752861 2967
0.752861 2966
0.752861 2965
0.752861 2964
0.752861 2963
0.752861 2962
0.752861 2961
0.752861 2960
0.752861 2959
0.752861 2958
0.752861 2957
0.752861 2956
0.752861 2955
0.752861 2954
0.752861 2953
0.752861 2952
0.752861 2951
0.752861 2950
0.752861 2949
0.752861 2948
0.752861 2947
0.752861 2946
0.752861 2945
0.752861 2944
0.752861 2943
0.752861 2942
0.752861 2941
0.752861 2940
0.752861 2939
0.752861 2938
0.752861 2937
0.752861 2936
0.752861 2935
0.752861 2934
0.752861 2933
0.752861 2932
0.752861 2931
0.752861 2930
0.752861 2929
0.752861 2928
0.752861 2927
0.752861 2926
0.752861 2925
0.752861 2924
0.752861 2923
0.752861 2922
0.752861 2921
0.752861 2920
0.752861 2919
0.752861 2918
0.752861 2917
0.752861 2916
0.752861 2915
0.752861 2914
0.752861 2913
0.752861 2912
0.752861 2911
0.752861 2910
0.752861 2909
0.752861 2908
0.752861 2907
0.752861 2906
0.752861 2905
0.752861 2904
0.752861 2903
0.752861 2902
0.752861 2901
0.752861 2900
0.752861 2899
0.752861 2898
0.752861 2897
0.752861 2896
0.752861 2895
0.752861 2894
0.752861 2893
0.752861 2892
0.752861 2891
0.752861 2890
0.752861 2889
0.752861 2888
0.752861 2887
0.752861 2886
0.752861 2885
0.752861 2884
0.752861 2883
0.752861 2882
0.752861 2881
0.752861 2880
0.752861 2879
0.752861 2878
0.752861 2877
0.752861 2876
0.752861 2875
0.752861 2874
0.752861 2873
0.752861 2872
0.752861 2871
0.752861 2870
0.752861 2869
0.752861 2868
0.752861 2867
0.752861 2866
0.752861 2865
0.752861 2864
0.752861 2863
0.752861 2862
0.752861 2861
0.752861 2860
0.752861 2859
0.752861 2858
0.752861 2857
0.752861 2856
0.752861 2855
0.752861 2854
0.752861 2853
0.752861 2852
0.752861 2851
0.752861 2850
0.752861 2849
0.752861 2848
0.752861 2847
0.752861 2846
0.752861 2845
0.752861 2844
0.752861 2843
0.752861 2842
0.752861 2841
0.752861 2840
0.752861 2839
0.752861 2838
0.752861 2837
0.752861 2836
0.752861 2835
0.752861 2834
0.752707 2834
0.752707 2833
0.752573 2833
0.752573 2832
0.752573 2831
0.752573 2830
0.752573 2829
0.752573 2828
0.752573 2827
0.752573 2826
0.752573 2825
0.752573 2824
0.752573 2823
0.752573 2822
0.752573 2821
0.752573 2820
0.752573 2819
0.752573 2818
0.752573 2817
0.752573 2816
0.752573 2815
0.752573 2814
0.752573 2813
0.752522 2812
0.752522 2811
0.752522 2810
0.752522 2809
0.752522 2808
0.752522 2807
0.752522 2806
0.752522 2805
0.752522 2804
0.752522 2803
0.752522 2802
0.752522 2801
0.752522 2800
0.752522 2799
0.752522 2798
0.752522 2797
0.752522 2796
0.752522 2795
0.752522 2794
0.752522 2793
0.752522 2792
0.752522 2791
0.752522 2790
0.752522 2789
0.752522 2788
0.752522 2787
0.752522 2786
0.752522 2785
0.752522 2784
0.752522 2783
0.752522 2782
0.752522 2781
0.752522 2780
0.752522 2779
0.752522 2778
0.752522 2777
0.752522 2776
0.752522 2775
0.752522 2774
0.752522 2773
0.752522 2772
0.752522 2771
0.752522 2770
0.752522 2769
0.752522 2768
0.752522 2767
0.752522 2766
0.752522 2765
0.752522 2764
0.752522 2763
0.752522 2762
0.752522 2761
0.752522 2760
0.752522 2759
0.752522 2758
0.752522 2757
0.752522 2756
0.752522 2755
0.752522 2754
0.752522 2753
0.752522 2752
0.752522 2751
0.752522 2750
0.752522 2749
0.752522 2748
0.752522 2747
0.752522 2746
0.752522 2745
0.752522 2744
0.752522 2743
0.752522 2742
0.752522 2741
0.752522 2740
0.752522 2739
0.752522 2738
0.752522 2737
0.752522 2736
0.752522 2735
0.752522 2734
0.752522 2733
0.752522 2732
0.752522 2731
0.752522 2730
0.752522 2729
0.752522 2728
0.752522 2727
0.752522 2726
0.752522 2725
0.752522 2724
0.752522 2723
0.752522 2722
0.752522 2721
0.752522 2720
0.752522 2719
0.752522 2718
0.752522 2717
0.752522 2716
0.752522 2715
0.752522 2714
0.752522 2713
0.752522 2712
0.752522 2711
0.752522 2710
0.752522 2709
0.752522 2708
0.752522 2707
0.752522 2706
0.752522 2705
0.752522 2704
0.752522 2703
0.752522 2702
0.752522 2701
0.752522 2700
0.752522 2699
0.752522 2698
0.752522 2697
0.752522 2696
0.752522 2695
0.752522 2694
0.752522 2693
0.752522 2692
0.752522 2691
0.752522 2690
0.752522 2689
0.752522 2688
0.752522 2687
0.752522 2686
0.752522 2685
0.752522 2684
0.752522 2683
0.752522 2682
0.752522 2681
0.752522 2680
0.752522 2679
0.752522 2678
0.752522 2677
0.752522 2676
0.752522 2675
0.752522 2674
0.752522 2673
0.752522 2672
0.752522 2671
0.752522 2670
0.752522 2669
0.752522 2668
0.752522 2667
0.752522 2666
0.752522 2665
0.752522 2664
0.752522 2663
0.752522 2662
0.752522 2661
0.752522 2660
0.752522 2659
0.752522 2658
0.752522 2657
0.752522 2656
0.752522 2655
0.752522 2654
0.752522 2653
0.752522 2652
0.752522 2651
0.752522 2650
0.752522 2649
0.752522 2648
0.752522 2647
0.752522 2646
0.752522 2645
0.752522 2644
0.752522 2643
0.752522 2642
0.752522 2641
0.752522 2640
0.752522 2639
0.752522 2638
0.752522 2637
0.752522 2636
0.752522 2635
0.752522 2634
0.752522 2633
0.752522 2632
0.752522 2631
0.752522 2630
0.752522 2629
0.752522 2628
0.752522 2627
0.752522 2626
0.752522 2625
0.752522 2624
0.752522 2623
0.752522 2622
0.752522 2621
0.752522 2620
0.752522 2619
0.752522 2618
0.752522 2617
0.752522 2616
0.752522 2615
0.752522 2614
0.752522 2613
0.752522 2612
0.752522 2611
0.752522 2610
0.752522 2609
0.752522 2608
0.752522 2607
0.752522 2606
0.752522 2605
0.752522 2604
0.752522 2603
0.752522 2602
0.752522 2601
0.752522 2600
0.752522 2599
0.752522 2598
0.752522 2597
0.752522 2596
0.752522 2595
0.752522 2594
0.752522 2593
0.752522 2592
0.752522 2591
0.752522 2590
0.752522 2589
0.752522 2588
0.752522 2587
0.752522 2586
0.752522 2585
0.752522 2584
0.752522 2583
0.752522 2582
0.752522 2581
0.752522 2580
0.752522 2579
0.752522 2578
0.752522 2577
0.752522 2576
0.752522 2575
0.752522 2574
0.752522 2573
0.752522 2572
0.752522 2571
0.752522 2570
0.752522 2569
0.752522 2568
0.752522 2567
0.752522 2566
0.752522 2565
0.752522 2564
0.752522 2563
0.752522 2562
0.752522 2561
0.752522 2560
0.752522 2559
0.752522 2558
0.752522 2557
0.752522 2556
0.752522 2555
0.752522 2554
0.752522 2553
0.752522 2552
0.752522 2551
0.752522 2550
0.752522 2549
0.752522 2548
0.752522 2547
0.752522 2546
0.752522 2545
0.752522 2544
0.752522 2543
0.752522 2542
0.752522 2541
0.752522 2540
0.752522 2539
0.752522 2538
0.752522 2537
0.752522 2536
0.752522 2535
0.752522 2534
0.752522 2533
0.752522 2532
0.752522 2531
0.752522 2530
0.752522 2529
0.752522 2528
0.752522 2527
0.752522 2526
0.752522 2525
0.752522 2524
0.752522 2523
0.752522 2522
0.752522 2521
0.752522 2520
0.752522 2519
0.752522 2518
0.752522 2517
0.752522 2516
0.752522 2515
0.752522 2514
0.752522 2513
0.752522 2512
0.752522 2511
0.752522 2510
0.752522 2509
0.752522 2508
0.752522 2507
0.752522 2506
0.752522 2505
0.752522 2504
0.752522 2503
0.752522 2502
0.752522 2501
0.752522 2500
0.752522 2499
0.752522 2498
0.752522 2497
0.752522 2496
0.752522 2495
0.752522 2494
0.752522 2493
0.752522 2492
0.752522 2491
0.752522 2490
0.752522 2489
0.752522 2488
0.752522 2487
0.752522 2486
0.752522 2485
0.752522 2484
0.752522 2483
0.752522 2482
0.752522 2481
0.752414 2481
0.752414 2480
0.752414 2479
0.752414 2478
0.752414 2476
0.752414 2475
0.752414 2474
0.752414 2473
0.752414 2472
0.752414 2471
0.752414 2470
0.752414 2469
0.752414 2468
0.752414 2467
0.752414 2466
0.752414 2465
0.752414 2464
0.752414 2463
0.752414 2462
0.752414 2461
0.752414 2460
0.752414 2459
0.752414 2458
0.752414 2457
0.752414 2456
0.752414 2455
0.752414 2454
0.752414 2453
0.752414 2452
0.752414 2451
0.752414 2450
0.752414 2449
0.752414 2448
0.752414 2447
0.752414 2446
0.752414 2445
0.752414 2444
0.752414 2443
0.752414 2442
0.752414 2441
0.752414 2440
0.752414 2439
0.752414 2438
0.752414 2437
0.752414 2436
0.752414 2435
0.752414 2434
0.752414 2433
0.752414 2432
0.752414 2431
0.752414 2430
0.752414 2429
0.752414 2428
0.752414 2427
0.752414 2426
0.752414 2425
0.752414 2424
0.752414 2423
0.752414 2422
0.752414 2421
0.752414 2420
0.752414 2419
0.752414 2418
0.752414 2417
0.752414 2416
0.752414 2415
0.752414 2414
0.752414 2413
0.752414 2412
0.752414 2411
0.752414 2410
0.752414 2409
0.752414 2408
0.752414 2407
0.752414 2406
0.752414 2405
0.752414 2404
0.752414 2403
0.752414 2402
0.752414 2401
0.752414 2400
0.752414 2399
0.752414 2398
0.752414 2397
0.752414 2396
0.752414 2395
0.752414 2394
0.752414 2393
0.752414 2392
0.752414 2391
0.752414 2390
0.752414 2389
0.752414 2388
0.752414 2387
0.752414 2386
0.752414 2385
0.752414 2384
0.752414 2383
0.752414 2382
0.752414 2381
0.752414 2380
0.752414 2379
0.752414 2378
0.752414 2377
0.752414 2376
0.752414 2375
0.752414 2374
0.752414 2373
0.752414 2372
0.752414 2371
0.752414 2370
0.752414 2369
0.752414 2368
0.752414 2367
0.752414 2366
0.752414 2365
0.752414 2364
0.752414 2363
0.752414 2362
0.752414 2361
0.752414 2360
0.752414 2359
0.752414 2358
0.752414 2357
0.752414 2356
0.752414 2355
0.752414 2354
0.752414 2353
0.752414 2352
0.752414 2351
0.752414 2350
0.752414 2349
0.752414 2348
0.752414 2347
0.752414 2346
0.752414 2345
0.752414 2344
0.752414 2343
0.752414 2342
0.752414 2341
0.752414 2340
0.752414 2339
0.752414 2338
0.752414 2337
0.752414 2336
0.752414 2335
0.752414 2334
0.752414 2333
0.752414 2332
0.752414 2331
0.752414 2330
0.752414 2329
0.752355 2328
0.752355 2327
0.752355 2326
0.752355 2325
0.752355 2324
0.752355 2323
0.752355 2322
0.752355 2321
0.752355 2320
0.752355 2319
0.752355 2318
0.752355 2317
0.752355 2316
0.752355 2315
0.752355 2314
0.752355 2313
0.752355 2312
0.752355 2311
0.752355 2310
0.752355 2309
0.752355 2308
0.752355 2307
0.752355 2306
0.752355 2305
0.752355 2304
0.752355 2303
0.752355 2302
0.752355 2301
0.752355 2300
0.752355 2299
0.752355 2298
0.752355 2297
0.752355 2296
0.752355 2295
0.752355 2294
0.752355 2293
0.752355 2292
0.752355 2291
0.752355 2290
0.752355 2289
0.752355 2288
0.752355 2287
0.752355 2286
0.752355 2285
0.752355 2284
0.752355 2283
0.752355 2282
0.752355 2281
0.752355 2280
0.752355 2279
0.752355 2278
0.752355 2276
0.752355 2275
0.752355 2274
0.752355 2273
0.752355 2272
0.752355 2271
0.752355 2270
0.752355 2269
0.752355 2268
0.752355 2267
0.752355 2266
0.752355 2265
0.752355 2264
0.752355 2263
0.752355 2262
0.752355 2261
0.752355 2260
0.752355 2259
0.752355 2258
0.752355 2257
0.752355 2256
0.752355 2255
0.752355 2254
0.752355 2253
0.752355 2252
0.752355 2251
0.752355 2250
0.752355 2249
0.752355 2248
0.752355 2247
0.752355 2246
0.752355 2245
0.752355 2244
0.752355 2243
0.752355 2242
0.752355 2241
0.752355 2240
0.752355 2239
0.752355 2238
0.752355 2237
0.752355 2236
0.752355 2235
0.752355 2234
0.752355 2233
0.752355 2232
0.752355 2231
0.752355 2230
0.752355 2229
0.752355 2228
0.752355 2227
0.752355 2226
0.752355 2225
0.752355 2224
0.752355 2223
0.752355 2222
0.752355 2221
0.752355 2220
0.752355 2219
0.752355 2218
0.752355 2217
0.752355 2216
0.752355 2215
0.752355 2214
0.752355 2213
0.752355 2212
0.752355 2211
0.752355 2210
0.752355 2209
0.752355 2208
0.752355 2207
0.752355 2206
0.752355 2205
0.752355 2204
0.752355 2203
0.752355 2202
0.752355 2201
0.752355 2200
0.752355 2199
0.752355 2198
0.752355 2197
0.752355 2196
0.752355 2195
0.752355 2194
0.752355 2193
0.752355 2192
0.752355 2191
0.752355 2190
0.752355 2189
0.752355 2188
0.752355 2187
0.752355 2186
0.752355 2185
0.752355 2184
0.752355 2183
0.752355 2182
0.752355 2181
0.752355 2180
0.752355 2179
0.752355 2178
0.752355 2177
0.752355 2176
0.752355 2175
0.752355 2174
0.752355 2173
0.752355 2172
0.752355 2171
0.752355 2170
0.752355 2169
0.752355 2168
0.752355 2167
0.752355 2166
0.752355 2165
0.752355 2164
0.752355 2163
0.752355 2162
0.752355 2161
0.752355 2160
0.752355 2159
0.752355 2158
0.752355 2157
0.752355 2156
0.752355 2155
0.752355 2154
0.752355 2153
0.752355 2152
0.752355 2151
0.752355 2150
0.752355 2149
0.752355 2148
0.752355 2147
0.752355 2146
0.752355 2145
0.752355 2144
0.752355 2143
0.752355 2142
0.752355 2141
0.752355 2140
0.752355 2139
0.752355 2138
0.752355 2137
0.752355 2136
0.752355 2135
0.752355 2134
0.752355 2133
0.752355 2132
0.752355 2131
0.752355 2130
0.752355 2129
0.752355 2128
0.752355 2127
0.752355 2126
0.752355 2125
0.752355 2124
0.752355 2123
0.752355 2122
0.752355 2121
0.752355 2120
0.752355 2119
0.752355 2118
0.752355 2117
0.752355 2116
0.752355 2115
0.752355 2114
0.752355 2113
0.752355 2112
0.752355 2111
0.752355 2110
0.752355 2109
0.752355 2108
0.752355 2107
0.752355 2106
0.752355 2105
0.752355 2104
0.752355 2103
0.752355 2102
0.752355 2101
0.752355 2100
0.752355 2099
0.752355 2098
0.752355 2097
0.752355 2096
0.752355 2095
0.752355 2094
0.752355 2093
0.752355 2092
0.752355 2091
0.752355 2090
0.752355 2089
0.752355 2088
0.752355 2087
0.752355 2086
0.752355 2085
0.752355 2084
0.752355 2083
0.752355 2082
0.752355 2081
0.752355 2080
0.752355 2079
0.752355 2078
0.752355 2077
0.752355 2076
0.752355 2075
0.752355 2074
0.752355 2073
0.752355 2072
0.752355 2071
0.752355 2070
0.752355 2069
0.752355 2068
0.752355 2067
0.752355 2066
0.752355 2065
0.752355 2064
0.752355 2063
0.752355 2062
0.752355 2061
0.752355 2060
0.752355 2059
0.752355 2058
0.752355 2057
0.752355 2056
0.752355 2055
0.752355 2054
0.752355 2053
0.752355 2052
0.752355 2051
0.752355 2050
0.752355 2049
0.752355 2048
0.752355 2047
0.752355 2046
0.752355 2045
0.752355 2044
0.752355 2043
0.752355 2042
0.752355 2041
0.752355 2040
0.752355 2039
0.752355 2038
0.752355 2037
0.752355 2036
0.752355 2035
0.752355 2034
0.752355 2033
0.752355 2032
0.752355 2031
0.752355 2030
0.752355 2029
0.752355 2028
0.752355 2027
0.752355 2026
0.752355 2025
0.752355 2024
0.752355 2023
0.752355 2022
0.752355 2021
0.752355 2020
0.752355 2019
0.752355 2018
0.752355 2017
0.752355 2016
0.752355 2015
0.752355 2014
0.752355 2013
0.752355 2012
0.752355 2011
0.752355 2010
0.752355 2009
0.752355 2008
0.752355 2007
0.752355 2006
0.752355 2005
0.752355 2004
0.752355 2003
0.752355 2002
0.752355 2001
0.752355 2000
0.752355 1999
0.752355 1998
0.752355 1997
0.752355 1996
0.752355 1995
0.752355 1994
0.752355 1993
0.752355 1992
0.752355 1991
0.752355 1990
0.752355 1989
0.752355 1988
0.752355 1987
0.752355 1986
0.752355 1985
0.752355 1984
0.752355 1983
0.752355 1982
0.752355 1981
0.752355 1980
0.752355 1979
0.752355 1978
0.752355 1977
0.752355 1976
0.752355 1975
0.752355 1974
0.752355 1973
0.752355 1972
0.752355 1971
0.752355 1970
0.752355 1969
0.752355 1968
0.752355 1967
0.752355 1966
0.752355 1965
0.752355 1964
0.752355 1963
0.752355 1962
0.752355 1961
0.752355 1960
0.752355 1959
0.752355 1958
0.752355 1957
0.752355 1956
0.752355 1955
0.752355 1954
0.752355 1953
0.752203 1953
0.752203 1952
0.752203 1951
0.752203 1950
0.752203 1949
0.752203 1948
0.752203 1947
0.752203 1946
0.752203 1945
0.752203 1944
0.752203 1943
0.752203 1942
0.752203 1941
0.752203 1940
0.752203 1939
0.752203 1938
0.752203 1937
0.752203 1936
0.752203 1935
0.752203 1934
0.752203 1933
0.752203 1932
0.752203 1931
0.752203 1930
0.752203 1929
0.752203 1928
0.752203 1927
0.752203 1926
0.752203 1925
0.752203 1923
0.752203 1922
0.752203 1921
0.752203 1920
0.752203 1919
0.752203 1918
0.752203 1917
0.752203 1916
0.752203 1915
0.752203 1914
0.752203 1913
0.752203 1912
0.752203 1911
0.752203 1910
0.752203 1909
0.752203 1908
0.752203 1907
0.752203 1906
0.752203 1905
0.752203 1904
0.752203 1903
0.752203 1902
0.752203 1901
0.752203 1900
0.752203 1899
0.752203 1898
0.752203 1897
0.752203 1896
0.752203 1895
0.752203 1894
0.752203 1893
0.752203 1892
0.752203 1891
0.752203 1890
0.752203 1889
0.752203 1888
0.752203 1887
0.752203 1886
0.752203 1885
0.752203 1884
0.752203 1883
0.752203 1882
0.752203 1881
0.752203 1880
0.752203 1879
0.752203 1878
0.752203 1877
0.752203 1876
0.752203 1875
0.752203 1874
0.752203 1873
0.752203 1872
0.752203 1871
0.752203 1870
0.752203 1869
0.752203 1868
0.752203 1867
0.752203 1866
0.752203 1865
0.752203 1864
0.752203 1863
0.752203 1862
0.752203 1861
0.752203 1860
0.752203 1859
0.752203 1858
0.752203 1857
0.752203 1856
0.752203 1855
0.752203 1854
0.752203 1853
0.752203 1852
0.752203 1851
0.752203 1850
0.752203 1849
0.752203 1848
0.752203 1847
0.752203 1846
0.752203 1845
0.752203 1844
0.752203 1843
0.752203 1842
0.752203 1841
0.752203 1840
0.752203 1839
0.752203 1838
0.752203 1837
0.752203 1836
0.752203 1835
0.752203 1834
0.752203 1833
0.752203 1832
0.752203 1831
0.752066 1831
0.752066 1830
0.752066 1829
0.752066 1828
0.752066 1827
0.752066 1826
0.752066 1825
0.752066 1824
0.752066 1823
0.752066 1822
0.752066 1821
0.752066 1820
0.752066 1819
0.752066 1818
0.752066 1817
0.752066 1816
0.752066 1815
0.752066 1814
0.752066 1813
0.752066 1812
0.752066 1811
0.752066 1810
0.752066 1809
0.752066 1808
0.752066 1807
0.752066 1806
0.752066 1805
0.752066 1804
0.752066 1803
0.752066 1802
0.752066 1801
0.752066 1800
0.752066 1799
0.752066 1798
0.752066 1797
0.752066 1796
0.752066 1795
0.752066 1794
0.752066 1793
0.752066 1792
0.752066 1791
0.752066 1790
0.752066 1789
0.752066 1788
0.752066 1787
0.752058 1786
0.752058 1785
0.752058 1784
0.752058 1783
0.752058 1782
0.752058 1781
0.752058 1780
0.752058 1779
0.752058 1778
0.752058 1777
0.752058 1776
0.752058 1775
0.752058 1774
0.752058 1773
0.752058 1772
0.752058 1771
0.752058 1770
0.752058 1769
0.75191 1769
0.75191 1768
0.75191 1767
0.75191 1766
0.75191 1765
0.75191 1764
0.751901 1763
0.751901 1762
0.751901 1761
0.751901 1760
0.751901 1759
0.751901 1758
0.751901 1757
0.751901 1756
0.751901 1755
0.751901 1754
0.751901 1753
0.751901 1752
0.751901 1751
0.751901 1750
0.751901 1749
0.751901 1748
0.751901 1747
0.751901 1746
0.751901 1745
0.751901 1744
0.751901 1743
0.751901 1742
0.751901 1741
0.751901 1740
0.751901 1739
0.751901 1738
0.751901 1737
0.751901 1736
0.751901 1735
0.751901 1734
0.751901 1733
0.751901 1732
0.751901 1731
0.751901 1730
0.751901 1729
0.751901 1728
0.751901 1727
0.751901 1726
0.751901 1725
0.751901 1724
0.751901 1723
0.751901 1722
0.751901 1721
0.751901 1720
0.751901 1719
0.751901 1718
0.751901 1717
0.751901 1716
0.751901 1715
0.751901 1714
0.751901 1713
0.751901 1712
0.751901 1711
0.751901 1710
0.751901 1709
0.751901 1708
0.751901 1707
0.751901 1706
0.751901 1705
0.751901 1704
0.751901 1703
0.751901 1702
0.751901 1701
0.751901 1700
0.751901 1699
0.751901 1698
0.751901 1697
0.751901 1696
0.751901 1695
0.751901 1694
0.751901 1693
0.751901 1692
0.751901 1691
0.751901 1690
0.751901 1689
0.751901 1688
0.751901 1687
0.751901 1686
0.751901 1685
0.751901 1684
0.751901 1683
0.751901 1682
0.751901 1681
0.751901 1680
0.751901 1679
0.751901 1678
0.751826 1677
0.751826 1676
0.751826 1675
0.751826 1674
0.751826 1673
0.751826 1672
0.751826 1671
0.751826 1670
0.751826 1669
0.751826 1668
0.751826 1667
0.751826 1666
0.751826 1665
0.751725 1665
0.751725 1664
0.751725 1663
0.751725 1662
0.751725 1661
0.751725 1660
0.751725 1659
0.751725 1658
0.751725 1657
0.751725 1656
0.751725 1655
0.751725 1654
0.751725 1653
0.751725 1652
0.751725 1651
0.751725 1650
0.751725 1649
0.751725 1648
0.751725 1647
0.751725 1646
0.751725 1645
0.751725 1644
0.751725 1643
0.751725 1642
0.751725 1641
0.751725 1640
0.751725 1639
0.751725 1638
0.751725 1637
0.751725 1636
0.751725 1635
0.751725 1634
0.751725 1633
0.751725 1632
0.751725 1631
0.751725 1630
0.751725 1629
0.751725 1628
0.751725 1627
0.751725 1626
0.751725 1625
0.751725 1624
0.751725 1623
0.751725 1622
0.751725 1621
0.751725 1620
0.751725 1619
0.751725 1618
0.751725 1617
0.751725 1616
0.751725 1615
0.751725 1614
0.751725 1613
0.751725 1612
0.751725 1611
0.751725 1610
0.751725 1609
0.751725 1608
0.751725 1607
0.751725 1606
0.751725 1605
0.751725 1604
0.751725 1603
0.751725 1602
0.751725 1601
0.751725 1600
0.751725 1599
0.751725 1598
0.751725 1597
0.751725 1596
0.751725 1595
0.751725 1594
0.751725 1593
0.751725 1592
0.751725 1591
0.751725 1590
0.751725 1589
0.751725 1588
0.751725 1587
0.751725 1586
0.751725 1585
0.751725 1584
0.751725 1583
0.751725 1582
0.751725 1581
0.751725 1580
0.751725 1579
0.751725 1578
0.751725 1577
0.751725 1576
0.751725 1575
0.751725 1574
0.751725 1573
0.751725 1572
0.751725 1571
0.751725 1570
0.751725 1569
0.751725 1568
0.751725 1567
0.751725 1566
0.751725 1565
0.751725 1564
0.751725 1563
0.751725 1562
0.751725 1561
0.751725 1560
0.751725 1559
0.751725 1558
0.751725 1557
0.751725 1556
0.751725 1555
0.751725 1554
0.751725 1553
0.751725 1552
0.751725 1551
0.751725 1550
0.751725 1549
0.751725 1548
0.751725 1547
0.751725 1545
0.751725 1544
0.751725 1543
0.751725 1542
0.751725 1541
0.751725 1540
0.751725 1539
0.751725 1538
0.751725 1537
0.751725 1536
0.751725 1535
0.751725 1534
0.751725 1533
0.751725 1532
0.751725 1531
0.751725 1530
0.751725 1529
0.751725 1528
0.751725 1527
0.751725 1526
0.751725 1525
0.751725 1524
0.751725 1523
0.751725 1522
0.751725 1521
0.751725 1520
0.751725 1519
0.751725 1518
0.751725 1517
0.751725 1516
0.751725 1515
0.751725 1514
0.751725 1513
0.751725 1512
0.751725 1511
0.751725 1510
0.751725 1509
0.751725 1508
0.751725 1507
0.751725 1506
0.751725 1505
0.751725 1504
0.751725 1503
0.751725 1502
0.751725 1501
0.751725 1500
0.751725 1499
0.751725 1498
0.751725 1497
0.751725 1496
0.751725 1495
0.751725 1494
0.751725 1493
0.751725 1492
0.751725 1491
0.751725 1490
0.751725 1489
0.751725 1488
0.751725 1487
0.751576 1487
0.751576 1486
0.751576 1485
0.751576 1484
0.751576 1483
0.751576 1482
0.751576 1481
0.751576 1480
0.751576 1479
0.751576 1478
0.751576 1477
0.751576 1476
0.751576 1475
0.751576 1474
0.751576 1473
0.751576 1472
0.751576 1471
0.751576 1470
0.751576 1469
0.751576 1468
0.751576 1467
0.751576 1466
0.751576 1465
0.751576 1464
0.751576 1463
0.751576 1462
0.751576 1461
0.751576 1460
0.751576 1459
0.751576 1458
0.751576 1457
0.751576 1456
0.751576 1455
0.751576 1454
0.751576 1453
0.751576 1452
0.751576 1451
0.751576 1450
0.751576 1449
0.751576 1448
0.751576 1447
0.751576 1446
0.751576 1445
0.751576 1444
0.751576 1443
0.751576 1442
0.751576 1441
0.751576 1440
0.751576 1439
0.751576 1438
0.751576 1437
0.751576 1436
0.751576 1435
0.751576 1434
0.751576 1433
0.751576 1432
0.751576 1431
0.751576 1430
0.751576 1429
0.751576 1428
0.751576 1427
0.751576 1426
0.751576 1425
0.751576 1424
0.751576 1423
0.751576 1422
0.751576 1421
0.751576 1420
0.751576 1419
0.751576 1418
0.751576 1417
0.75145 1417
0.75145 1416
0.75145 1415
0.75145 1414
0.75145 1413
0.75145 1412
0.75145 1411
0.75145 1410
0.75145 1409
0.75145 1408
0.75145 1407
0.75145 1406
0.751336 1406
0.751336 1405
0.751336 1404
0.751336 1403
0.751336 1402
0.751336 1401
0.751336 1400
0.751336 1399
0.751336 1398
0.751336 1397
0.751336 1396
0.751336 1395
0.751336 1394
0.751336 1393
0.751336 1392
0.751336 1391
0.751336 1390
0.751336 1389
0.751336 1388
0.751336 1387
0.751336 1386
0.751336 1385
0.751336 1384
0.751336 1383
0.751336 1382
0.751336 1381
0.751336 1380
0.751336 1379
0.751336 1378
0.751336 1377
0.751336 1376
0.751206 1376
0.751206 1375
0.751206 1374
0.751206 1373
0.751206 1372
0.751206 1371
0.751206 1370
0.751206 1369
0.751206 1368
0.751206 1367
0.751206 1366
0.751206 1365
0.751206 1364
0.751206 1363
0.751206 1362
0.751206 1361
0.751206 1360
0.751206 1359
0.751206 1358
0.751206 1357
0.751206 1356
0.751206 1355
0.751206 1354
0.751206 1353
0.751206 1352
0.751206 1351
0.751206 1350
0.751206 1349
0.751206 1348
0.751206 1347
0.751206 1346
0.751206 1345
0.751206 1344
0.751206 1343
0.751206 1342
0.751206 1341
0.751206 1340
0.751206 1339
0.751206 1338
0.751206 1337
0.751206 1336
0.751206 1335
0.7511 1335
0.7511 1334
0.7511 1333
0.7511 1332
0.7511 1331
0.7511 1330
0.7511 1329
0.7511 1328
0.7511 1327
0.7511 1326
0.7511 1325
0.7511 1324
0.7511 1323
0.7511 1322
0.7511 1321
0.7511 1320
0.7511 1319
0.7511 1318
0.7511 1317
0.7511 1316
0.7511 1315
0.7511 1314
0.7511 1313
0.7511 1312
0.7511 1311
0.7511 1310
0.7511 1309
0.7511 1308
0.7511 1307
0.7511 1306
0.7511 1305
0.7511 1304
0.7511 1303
0.7511 1302
0.7511 1301
0.7511 1300
0.7511 1299
0.7511 1298
0.751061 1297
0.751061 1296
0.751061 1295
0.751061 1294
0.751061 1293
0.751061 1292
0.750936 1292
0.750936 1291
0.750936 1290
0.750936 1289
0.750936 1288
0.750936 1287
0.750936 1286
0.750874 1285
0.750874 1284
0.750874 1283
0.750874 1282
0.750874 1281
0.750853 1280
0.750853 1279
0.750734 1279
0.750734 1278
0.750734 1277
0.750734 1276
0.750734 1275
0.750734 1274
0.750734 1273
0.750734 1272
0.750734 1271
0.750734 1270
0.750734 1269
0.750734 1268
0.750734 1267
0.750734 1266
0.750734 1265
0.750734 1264
0.750734 1263
0.750734 1262
0.750734 1261
0.750734 1260
0.750734 1259
0.750734 1258
0.750734 1257
0.750734 1256
0.750734 1255
0.750734 1254
0.750734 1253
0.750734 1252
0.750734 1251
0.750734 1250
0.750734 1249
0.750734 1248
0.750734 1247
0.750734 1246
0.750734 1245
0.750666 1244
0.750666 1243
0.750666 1242
0.750666 1241
0.750666 1240
0.750666 1239
0.750666 1238
0.750666 1237
0.750666 1236
0.750666 1235
0.750666 1234
0.750666 1233
0.750666 1232
0.750666 1231
0.750666 1230
0.750666 1229
0.750666 1228
0.750666 1227
0.750666 1226
0.750666 1225
0.750666 1224
0.750666 1223
0.750666 1222
0.750666 1221
0.750666 1220
0.750666 1219
0.750666 1218
0.750666 1217
0.750666 1216
0.750666 1215
0.750666 1214
0.750666 1213
0.750666 1212
0.750666 1211
0.750666 1210
0.750666 1209
0.750573 1208
0.750573 1207
0.750573 1206
0.750573 1205
0.750573 1204
0.750573 1203
0.750573 1202
0.750573 1201
0.750573 1200
0.750573 1199
0.750573 1198
0.750573 1197
0.750573 1196
0.750573 1195
0.750573 1194
0.750573 1193
0.750573 1192
0.750573 1191
0.750573 1190
0.750573 1189
0.750573 1188
0.750573 1187
0.750573 1186
0.750573 1185
0.750573 1184
0.750573 1183
0.750573 1182
0.750573 1181
0.750573 1180
0.750573 1179
0.750573 1178
0.750573 1177
0.75045 1177
0.75045 1176
0.75045 1175
0.75045 1174
0.75045 1173
0.75045 1172
0.75045 1171
0.75045 1170
0.750317 1170
0.750317 1169
0.750317 1168
0.750317 1167
0.750317 1166
0.750317 1165
0.750317 1164
0.750317 1163
0.750178 1163
0.750092 1162
0.750092 1161
0.750092 1160
0.750092 1159
0.750092 1158
0.750092 1157
0.750092 1156
0.750092 1155
0.750092 1154
0.750092 1153
0.750092 1152
0.750092 1151
0.750092 1150
0.750092 1149
0.750092 1148
0.750092 1147
0.750092 1146
0.750092 1145
0.750092 1144
0.750092 1143
0.750092 1142
0.750092 1141
0.750092 1140
0.750092 1139
0.749953 1139
0.749953 1138
0.749953 1137
0.749953 1136
0.749953 1135
0.749953 1134
0.749953 1133
0.749953 1132
0.749953 1131
0.749953 1130
0.749953 1129
0.749953 1128
0.749953 1127
0.749953 1126
0.749953 1125
0.749953 1124
0.749953 1123
0.749953 1122
0.749953 1121
0.749953 1120
0.749953 1119
0.749953 1118
0.749953 1117
0.749953 1116
0.749953 1115
0.749953 1114
0.749953 1113
0.749953 1112
0.749953 1111
0.749953 1110
0.749953 1109
0.749953 1108
0.749953 1107
0.749953 1106
0.749953 1105
0.749953 1104
0.749953 1103
0.749953 1102
0.749953 1101
0.749953 1100
0.749953 1099
0.749953 1098
0.749953 1097
0.749953 1096
0.749953 1095
0.749953 1094
0.749953 1093
0.749953 1092
0.749953 1091
0.749953 1090
0.749953 1089
0.749953 1088
0.749953 1087
0.749953 1086
0.749953 1085
0.749953 1084
0.749953 1083
0.749953 1082
0.749953 1081
0.749953 1080
0.749801 1080
0.749801 1079
0.749801 1078
0.749801 1077
0.749801 1076
0.749801 1075
0.749801 1074
0.749801 1073
0.74967 1073
0.74967 1072
0.74967 1071
0.74967 1070
0.74967 1069
0.74967 1068
0.74967 1067
0.74967 1066
0.749538 1066
0.749538 1065
0.749538 1064
0.749538 1063
0.749538 1062
0.749538 1061
0.749538 1060
0.749538 1059
0.749538 1058
0.749538 1057
0.749538 1056
0.749538 1055
0.749422 1055
0.749422 1054
0.749422 1053
0.749422 1052
0.749277 1052
0.749277 1051
0.749277 1050
0.749277 1049
0.749277 1048
0.749277 1047
0.749277 1046
0.749277 1045
0.749277 1044
0.749156 1044
0.749156 1043
0.749156 1042
0.749156 1041
0.749042 1041
0.749042 1040
0.74889 1040
0.74889 1039
0.74889 1038
0.74889 1037
0.74889 1036
0.74889 1035
0.74889 1034
0.74889 1033
0.74889 1032
0.74889 1031
0.74889 1030
0.74889 1029
0.748759 1029
0.748622 1029
0.748622 1028
0.748497 1028
0.748497 1027
0.748497 1026
0.748497 1025
0.748361 1025
0.748361 1024
0.748361 1023
0.748361 1022
0.748361 1021
0.748361 1020
0.748361 1019
0.748361 1018
0.748361 1017
0.748361 1016
0.748361 1015
0.748361 1014
0.748361 1013
0.748361 1012
0.748361 1011
0.748361 1010
0.748361 1009
0.748361 1008
0.748361 1007
0.748361 1006
0.748361 1005
0.748361 1004
0.748361 1003
0.748361 1002
0.748361 1001
0.748226 1001
0.748226 1000
0.748226 999
0.748226 998
0.748226 997
0.748226 996
0.748226 995
0.748226 994
0.748082 994
0.748082 993
0.748082 992
0.748082 991
0.748082 990
0.748082 989
0.748082 988
0.748082 987
0.748082 986
0.748082 985
0.748082 984
0.748082 983
0.748082 982
0.748082 981
0.748082 980
0.748082 979
0.748082 978
0.747948 978
0.747948 977
0.747948 976
0.747948 975
0.747818 975
0.747818 974
0.747818 973
0.747818 972
0.747818 971
0.747818 970
0.747818 969
0.747818 968
0.747818 967
0.747818 966
0.747818 965
0.747818 964
0.747818 963
0.747818 962
0.747818 961
0.747713 961
0.747616 960
0.747616 959
0.747616 958
0.747616 957
0.747616 956
0.747616 955
0.747616 954
0.747502 954
0.747502 953
0.747502 952
0.747502 951
0.747502 950
0.747364 950
0.747364 949
0.747364 948
0.747364 947
0.747364 946
0.747364 945
0.747364 944
0.747364 943
0.747364 942
0.747364 941
0.747364 940
0.747364 939
0.747364 938
0.747364 937
0.747364 936
0.747364 935
0.747364 934
0.747364 933
0.747364 932
0.747364 931
0.747364 930
0.747364 929
0.747251 929
0.747251 928
0.747251 927
0.747251 926
0.747251 925
0.747251 924
0.747251 923
0.747251 922
0.747251 921
0.747251 920
0.747251 919
0.747251 918
0.747251 917
0.747251 916
0.747251 915
0.747251 914
0.747251 913
0.747251 912
0.747251 911
0.747251 910
0.747251 909
0.747251 908
0.747251 907
0.747251 906
0.747251 905
0.747251 904
0.747251 903
0.747093 903
0.747093 902
0.747093 901
0.747093 900
0.747093 899
0.747093 898
0.747093 897
0.747093 896
0.747093 895
0.746955 895
0.746955 894
0.746955 893
0.746955 892
0.746955 891
0.746955 890
0.746955 889
0.746955 888
0.746955 887
0.746955 886
0.746955 885
0.746955 884
0.746955 883
0.746955 882
0.746955 881
0.746955 880
0.746955 879
0.746955 878
0.746955 877
0.746955 876
0.746891 875
0.746891 874
0.746815 873
0.746815 872
0.746815 871
0.746655 871
0.746655 870
0.746655 869
0.746655 868
0.746655 867
0.746655 866
0.746655 865
0.746655 864
0.746655 863
0.746655 862
0.746655 861
0.746655 860
0.746655 859
0.746655 858
0.746655 857
0.746655 856
0.746655 855
0.746655 854
0.746655 853
0.746655 852
0.746655 851
0.746655 850
0.746655 849
0.746655 848
0.746655 847
0.746655 846
0.746655 845
0.746655 844
0.746655 843
0.746655 842
0.746655 841
0.746655 840
0.746655 839
0.746655 838
0.746655 837
0.746655 836
0.746655 835
0.746567 834
0.746567 833
0.746567 832
0.746567 831
0.746567 830
0.746567 829
0.746567 828
0.746567 827
0.746567 826
0.746567 825
0.746567 824
0.746567 823
0.746567 822
0.746567 821
0.746567 820
0.746567 819
0.746567 818
0.746567 817
0.746567 816
0.746567 815
0.746567 814
0.746488 813
0.746344 813
0.746344 812
0.746344 811
0.746344 810
0.746344 809
0.746344 808
0.746344 807
0.746344 806
0.746344 805
0.746344 804
0.746344 803
0.746344 802
0.746344 801
0.746344 800
0.746344 799
0.746344 797
0.746344 796
0.746344 795
0.746344 794
0.746344 793
0.746344 792
0.746344 791
0.746344 790
0.746344 789
0.746344 788
0.746252 787
0.746118 787
0.746118 786
0.745989 786
0.745989 785
0.745989 784
0.745989 783
0.745989 782
0.745989 781
0.745989 780
0.745989 779
0.745989 778
0.745989 777
0.745989 776
0.745989 775
0.745885 775
0.745885 774
0.745885 773
0.745885 772
0.745885 771
0.745785 771
0.745785 770
0.745785 769
0.745668 769
0.745668 768
0.745668 767
0.745668 766
0.745668 765
0.745668 764
0.745668 763
0.745668 762
0.745668 761
0.745668 760
0.745668 759
0.745668 758
0.745668 757
0.745668 756
0.745668 755
0.745668 754
0.745668 753
0.745668 752
0.745668 751
0.745668 750
0.745668 749
0.745668 748
0.745668 747
0.745668 746
0.745668 745
0.745668 744
0.745552 744
0.745552 743
0.745552 742
0.745552 741
0.745529 741
0.745529 740
0.745529 739
0.745529 738
0.745529 737
0.745529 736
0.745529 735
0.745529 734
0.745529 733
0.745529 732
0.745529 731
0.745529 730
0.745529 729
0.745529 728
0.745529 727
0.745529 726
0.745529 725
0.745529 724
0.745529 723
0.745529 722
0.745529 721
0.745529 720
0.745529 719
0.745446 718
0.745446 717
0.745446 716
0.745446 715
0.745446 714
0.745339 714
0.745339 713
0.745339 712
0.745339 711
0.745204 711
0.745204 710
0.745204 709
0.745204 708
0.745204 707
0.745204 706
0.745204 705
0.745204 704
0.745204 703
0.745204 702
0.745204 701
0.745204 700
0.745075 700
0.745075 699
0.744955 699
0.744955 698
0.744955 697
0.744804 697
0.744804 696
0.744804 695
0.744804 694
0.744804 693
0.744804 692
0.744804 691
0.744804 690
0.744804 689
0.744654 689
0.744654 688
0.744654 687
0.744654 686
0.744654 685
0.744654 684
0.744654 683
0.744654 682
0.744654 681
0.744654 680
0.744654 679
0.744654 678
0.744654 677
0.744654 676
0.744654 675
0.744654 674
0.744654 673
0.744654 672
0.744654 671
0.744605 670
0.744605 669
0.744605 668
0.744605 667
0.744605 666
0.744605 665
0.744605 664
0.744605 663
0.744605 662
0.744605 661
0.744605 660
0.744605 659
0.744605 658
0.744452 658
0.744344 658
0.744344 657
0.744344 656
0.744344 655
0.744344 654
0.744344 653
0.744224 653
0.744224 652
0.744224 651
0.744224 650
0.744224 649
0.744224 648
0.744224 647
0.744111 647
0.744111 646
0.744111 645
0.744111 644
0.743974 644
0.743974 643
0.743974 642
0.743881 641
0.743881 640
0.743881 639
0.743727 639
0.743727 638
0.743727 637
0.743727 636
0.743626 636
0.743626 635
0.743626 634
0.743626 633
0.743626 632
0.743626 631
0.743626 630
0.743626 629
0.743626 628
0.743626 627
0.743626 626
0.743626 625
0.743626 624
0.743626 623
0.743626 622
0.743512 622
0.743382 622
0.743382 621
0.743382 620
0.743382 619
0.743233 619
0.743233 618
0.743233 617
0.743233 616
0.743233 615
0.743233 614
0.743233 613
0.743233 612
0.743233 611
0.743233 610
0.743233 609
0.743127 609
0.743127 608
0.743127 607
0.743127 606
0.743127 605
0.743127 604
0.743127 603
0.743127 602
0.743127 601
0.743127 600
0.743127 599
0.743127 598
0.743127 597
0.743127 596
0.743127 595
0.743127 594
0.743127 593
0.743127 592
0.743127 591
0.743127 590
0.743127 589
0.743127 588
0.742991 588
0.742991 587
0.742991 586
0.742991 585
0.742991 584
0.742991 583
0.742991 582
0.742991 581
0.742991 580
0.742991 579
0.742991 578
0.742991 577
0.742991 576
0.742991 575
0.742991 574
0.742991 573
0.742991 572
0.742991 571
0.742865 571
0.742865 570
0.742748 570
0.742748 569
0.742748 568
0.742748 567
0.742748 566
0.742748 565
0.742748 564
0.742748 563
0.742599 563
0.742599 562
0.742599 561
0.742493 561
0.742343 561
0.742343 560
0.742343 559
0.742343 558
0.742343 557
0.742343 556
0.742343 555
0.742249 554
0.742249 553
0.742249 552
0.742249 551
0.742249 550
0.742249 549
0.742249 548
0.742249 547
0.742249 546
0.742249 545
0.742249 544
0.742249 543
0.742249 542
0.742249 541
0.742249 540
0.742249 539
0.742249 538
0.742249 537
0.742184 536
0.742184 535
0.742184 534
0.74206 534
0.74206 533
0.74206 532
0.74206 531
0.74206 530
0.74206 529
0.74206 528
0.74206 527
0.74206 526
0.74206 525
0.74206 524
0.74206 523
0.74206 522
0.74206 521
0.74206 520
0.74206 519
0.74206 518
0.74206 517
0.741909 517
0.741909 516
0.741909 515
0.741909 514
0.741909 513
0.741909 512
0.741909 511
0.741909 510
0.741909 509
0.741909 508
0.741909 507
0.741909 506
0.741909 505
0.741909 504
0.741909 503
0.741757 503
0.741757 502
0.741757 501
0.741757 500
0.741757 499
0.741615 499
0.741615 498
0.741615 497
0.741615 496
0.741615 495
0.741615 494
0.741615 493
0.741515 493
0.741515 492
0.74143 491
0.74143 490
0.74143 489
0.74143 488
0.741312 488
0.741312 487
0.741312 486
0.741312 485
0.741163 485
0.741163 484
0.741163 483
0.741163 482
0.741163 481
0.741163 480
0.741163 479
0.741163 478
0.741163 477
0.741163 476
0.741163 475
0.741163 474
0.741163 473
0.741163 472
0.741163 471
0.74103 471
0.74103 470
0.74103 469
0.74103 468
0.74103 467
0.74103 466
0.74103 465
0.74103 464
0.74103 463
0.74103 462
0.74103 461
0.74103 460
0.74103 459
0.74103 458
0.740898 458
0.740802 457
0.740802 456
0.740802 455
0.740802 454
0.740802 453
0.740802 452
0.740802 451
0.740802 450
0.740802 449
0.740802 448
0.740802 447
0.740754 447
0.740754 446
0.740754 445
0.740611 445
0.740611 444
0.740611 443
0.740611 442
0.740611 441
0.740611 440
0.740611 439
0.740611 438
0.740611 437
0.740611 436
0.740611 435
0.740611 434
0.740611 433
0.740611 432
0.740611 431
0.740611 430
0.740611 429
0.740475 429
0.740475 428
0.740475 427
0.740315 427
0.740162 427
0.740162 426
0.740162 425
0.740162 424
0.740057 424
0.740057 423
0.740057 422
0.740057 421
0.740057 420
0.739918 420
0.739918 419
0.739918 418
0.739918 417
0.739918 416
0.739775 416
0.739775 415
0.739775 414
0.739775 413
0.739775 412
0.739646 412
0.739646 411
0.739572 410
0.739572 409
0.739572 408
0.739435 408
0.739277 408
0.739277 407
0.739277 406
0.739277 405
0.739277 404
0.739277 403
0.73914 403
0.73914 402
0.73914 401
0.739071 400
0.739071 399
0.738976 398
0.738843 398
0.738843 397
0.738843 396
0.738843 395
0.738843 394
0.738843 393
0.738697 393
0.738697 392
0.738697 391
0.738697 390
0.738697 389
0.738697 388
0.738697 387
0.738697 386
0.738697 385
0.738567 385
0.73843 385
0.73843 384
0.73843 383
0.738299 383
0.738183 383
0.738042 383
0.737906 383
0.737906 382
0.737906 381
0.737906 380
0.737757 380
0.737757 379
0.737757 378
0.737757 377
0.737757 376
0.737757 375
0.737757 374
0.737757 373
0.737642 373
0.737642 372
0.737513 372
0.737513 371
0.737382 371
0.737224 371
0.737224 370
0.737224 369
0.737072 369
0.737072 368
0.73693 368
0.73693 367
0.73693 366
0.73693 365
0.736809 365
0.736809 364
0.73665 364
0.73665 363
0.736505 363
0.736505 362
0.736505 361
0.73635 361
0.73635 360
0.736199 360
0.736199 359
0.736199 358
0.736199 357
0.736199 356
0.736199 355
0.736199 354
0.736085 354
0.736085 353
0.735932 353
0.735932 352
0.735799 352
0.735682 352
0.735682 351
0.735682 350
0.735682 349
0.735682 348
0.735552 348
0.735463 347
0.735341 347
0.735341 346
0.735341 345
0.735341 344
0.735189 344
0.735056 344
0.735056 343
0.735056 342
0.735056 341
0.735056 340
0.735056 339
0.735056 338
0.734945 338
0.734824 338
0.734824 337
0.734824 336
0.734824 335
0.734824 334
0.734824 333
0.734713 333
0.734574 333
0.734574 332
0.734445 332
0.734292 332
0.734292 331
0.734256 330
0.734256 329
0.734256 328
0.734256 327
0.734256 326
0.734256 325
0.734256 324
0.734256 323
0.734117 323
0.734117 322
0.734117 321
0.734117 320
0.734117 319
0.734041 319
0.734041 318
0.733878 318
0.733878 317
0.733878 316
0.733878 315
0.733878 314
0.733855 313
0.733855 312
0.733855 311
0.733726 311
0.733726 310
0.733726 309
0.733726 308
0.733726 307
0.733628 307
0.733508 307
0.733399 307
0.733399 306
0.733399 305
0.73328 305
0.73328 304
0.73328 303
0.73328 302
0.73328 301
0.73328 300
0.733128 300
0.733128 299
0.733128 298
0.733128 297
0.733041 296
0.733041 295
0.732921 295
0.732921 294
0.732773 294
0.732682 293
0.732682 292
0.732682 291
0.732682 290
0.732682 289
0.732561 289
0.73243 289
0.732303 289
0.732303 288
0.732303 287
0.732196 287
0.732048 287
0.732048 286
0.731892 286
0.731892 285
0.731772 285
0.731642 285
0.731642 284
0.731642 283
0.731502 283
0.731471 282
0.731471 281
0.73135 281
0.73135 280
0.73135 279
0.731206 279
0.731206 278
0.731206 277
0.731206 276
0.731206 275
0.731047 275
0.731047 274
0.730893 274
0.730893 273
0.730893 272
0.730751 272
0.730751 271
0.730751 270
0.730751 269
0.730651 269
0.730651 268
0.730495 268
0.730495 267
0.730495 266
0.730349 266
0.73019 266
0.73019 265
0.730036 265
0.730036 264
0.729912 264
0.729912 263
0.729912 262
0.729912 261
0.729835 261
0.729835 260
0.729692 260
0.729692 259
0.729692 258
0.729543 258
0.729543 257
0.729543 256
0.729543 255
0.72942 255
0.72942 254
0.72942 253
0.729324 252
0.7292 252
0.729063 252
0.729063 251
0.729063 250
0.729063 249
0.729063 248
0.729063 247
0.729063 246
0.729063 245
0.728939 245
0.728939 244
0.728801 244
0.728801 243
0.728667 243
0.728667 242
0.728543 242
0.728543 241
0.728543 240
0.728437 240
0.728292 240
0.728292 239
0.728292 238
0.728292 237
0.728151 237
0.728151 236
0.728016 236
0.728016 235
0.728016 234
0.728016 233
0.728016 232
0.728016 231
0.728016 230
0.728016 229
0.728016 228
0.728016 227
0.7279 227
0.727758 227
0.727612 227
0.727612 226
0.727496 226
0.727476 225
0.727476 224
0.727335 224
0.727335 223
0.727181 223
0.727181 222
0.727181 221
0.726897 221
0.726897 220
0.72675 220
0.726623 220
0.726487 220
0.726343 220
0.726207 220
0.726081 220
0.725937 220
0.725937 219
0.725937 218
0.725855 217
0.725855 216
0.725855 215
0.725855 214
0.725735 214
0.725619 214
0.725497 214
0.725497 213
0.725497 212
0.725497 211
0.725425 210
0.725266 210
0.725114 210
0.725114 209
0.725114 208
0.724957 208
0.724957 207
0.724957 206
0.724957 205
0.724957 204
0.724957 203
0.7248 203
0.7248 202
0.72471 201
0.72471 200
0.72457 200
0.72457 199
0.72457 198
0.724435 198
0.724402 197
0.724402 196
0.724271 196
0.724134 196
0.724134 195
0.724026 195
0.72391 195
0.72391 194
0.723804 194
0.723804 193
0.723804 192
0.723661 192
0.723661 191
0.723661 190
0.723661 189
0.723661 188
0.723539 188
0.723392 188
0.723392 187
0.723248 187
0.723102 187
0.723102 186
0.723102 185
0.722979 185
0.722886 184
0.722886 183
0.722886 182
0.722739 182
0.722596 182
0.722437 182
0.722279 182
0.722279 181
0.722125 181
0.722125 180
0.721983 180
0.721869 180
0.721732 180
0.721603 180
0.721469 180
0.721333 180
0.721179 180
0.721179 179
0.721042 179
0.721042 178
0.720893 178
0.720893 177
0.720766 177
0.720632 177
0.720521 177
0.720401 177
0.720258 177
0.720122 177
0.719973 177
0.719861 177
0.719861 176
0.719726 176
0.719726 175
0.719579 175
0.719427 175
0.719281 175
0.719141 175
0.719141 174
0.719026 174
0.719026 173
0.718942 172
0.718942 171
0.718793 171
0.718793 170
0.718793 169
0.718646 169
0.718646 168
0.718496 168
0.718379 168
0.718226 168
0.718066 168
0.718066 167
0.718066 166
0.717918 166
0.717918 165
0.717918 164
0.717813 164
0.717667 164
0.717667 163
0.717519 163
0.717377 163
0.71725 163
0.717094 163
0.716974 163
0.716832 163
0.716684 163
0.716684 162
0.716552 162
0.716407 162
0.71626 162
0.716114 162
0.716114 161
0.715975 161
0.715975 160
0.715844 160
0.715744 160
0.715581 160
0.715428 160
0.715297 160
0.715151 160
0.714998 160
0.714846 160
0.714846 159
0.714699 159
0.714699 158
0.714699 157
0.714549 157
0.714549 156
0.714424 156
0.714424 155
0.71431 155
0.714165 155
0.714069 154
0.713917 154
0.713788 154
0.713788 153
0.713636 153
0.713487 153
0.713487 152
0.713374 152
0.713273 152
0.713273 151
0.713128 151
0.713128 150
0.712994 150
0.712846 150
0.712739 150
0.712739 149
0.712611 149
0.712472 149
0.712327 149
0.71221 149
0.71206 149
0.71206 148
0.71206 147
0.711912 147
0.711785 147
0.711785 146
0.711635 146
0.711499 146
0.711499 145
0.711352 145
0.711352 144
0.711225 144
0.711104 144
0.711104 143
0.711104 142
0.711104 141
0.71097 141
0.71097 140
0.710824 140
0.710694 140
0.710546 140
0.710389 140
0.710389 139
0.710244 139
0.710244 138
0.710108 138
0.709993 138
0.709872 138
0.709733 138
0.709733 137
0.709583 137
0.709455 137
0.709455 136
0.709455 135
0.709455 134
0.709455 133
0.709302 133
0.70915 133
0.709014 133
0.708875 133
0.708739 133
0.708612 133
0.708612 132
0.708612 131
0.708474 131
0.708326 131
0.708191 131
0.708064 131
0.707907 131
0.707907 130
0.707754 130
0.707601 130
0.707467 130
0.707326 130
0.707326 129
0.707326 128
0.707207 128
0.707207 127
0.707076 127
0.706935 127
0.706802 127
0.706651 127
0.706528 127
0.706385 127
0.706227 127
0.70607 127
0.705945 127
0.70579 127
0.705682 127
0.705682 126
0.705556 126
0.705424 126
0.705424 125
0.705283 125
0.705283 124
0.705125 124
0.704979 124
0.70483 124
0.704665 124
0.704538 124
0.704418 124
0.704278 124
0.70413 124
0.70413 123
0.704004 123
0.703867 123
0.703729 123
0.703729 122
0.703605 122
0.703478 122
0.70334 122
0.70334 121
0.703231 121
0.703106 121
0.702946 121
0.702946 120
0.702825 120
0.702676 120
0.702546 120
0.70243 120
0.702294 120
0.702155 120
0.702016 120
0.702016 119
0.701882 119
0.701762 119
0.701618 119
0.701477 119
0.701348 119
0.70122 119
0.701063 119
0.701063 118
0.700937 118
0.700821 118
0.700821 117
0.700695 117
0.700695 116
0.700549 116
0.700549 115
0.7004 115
0.700249 115
0.700108 115
0.699996 115
0.699843 115
0.699698 115
0.699556 115
0.699414 115
0.699281 115
0.699281 114
0.699281 113
0.699281 112
0.699135 112
0.699 112
0.698871 112
0.698725 112
0.698601 112
0.698601 111
0.698601 110
0.698455 110
0.698455 109
0.698323 109
0.698323 108
0.698164 108
0.698027 108
0.69792 108
0.697785 108
0.697785 107
0.697659 107
0.697659 106
0.697659 105
0.697554 105
0.697319 105
0.697319 104
0.697181 104
0.697181 103
0.697036 103
0.696917 103
0.696803 103
0.696644 103
0.696488 103
0.696337 103
0.696193 103
0.696045 103
0.695903 103
0.695764 103
0.695621 103
0.695526 102
0.695526 101
0.695381 101
0.695381 100
0.695232 100
0.695107 100
0.694951 100
0.6948 100
0.6948 99
0.69465 99
0.69465 98
0.694496 98
0.694496 97
0.694373 97
0.694215 97
0.694215 96
0.694092 96
0.693954 96
0.693829 96
0.693684 96
0.693539 96
0.693423 96
0.693313 96
0.693159 96
0.693019 96
0.693019 95
0.693019 94
0.692879 94
0.692879 93
0.692879 92
0.692726 92
0.692572 92
0.692432 92
0.692285 92
0.69214 92
0.692004 92
0.691854 92
0.691718 92
0.691718 91
0.691582 91
0.691582 90
0.691421 90
0.691294 90
0.691174 90
0.691042 90
0.690914 90
0.690772 90
0.690624 90
0.690481 90
0.690331 90
0.690203 90
0.690068 90
0.690068 89
0.689914 89
0.689795 89
0.689694 89
0.689556 89
0.689556 88
0.689406 88
0.689257 88
0.689111 88
0.688993 88
0.688993 87
0.688859 87
0.688735 87
0.688595 87
0.688448 87
0.688308 87
0.688164 87
0.688023 87
0.687865 87
0.687731 87
0.687596 87
0.68747 87
0.687334 87
0.687181 87
0.687025 87
0.686856 87
0.686711 87
0.686575 87
0.686575 86
0.686432 86
0.68628 86
0.686135 86
0.68602 86
0.68602 85
0.68588 85
0.68588 84
0.685732 84
0.685732 83
0.685584 83
0.685434 83
0.685434 82
0.685298 82
0.68516 82
0.685013 82
0.68488 82
0.684871 81
0.684728 81
0.684728 80
0.68457 80
0.684439 80
0.684284 80
0.684162 80
0.684039 80
0.684039 79
0.6839 79
0.683751 79
0.683617 79
0.683617 78
0.68349 78
0.68335 78
0.683226 78
0.683093 78
0.682974 78
0.682974 77
0.682974 76
0.682974 75
0.682854 75
0.682854 74
0.682707 74
0.682545 74
0.682426 74
0.682426 73
0.68227 73
0.682126 73
0.682125 72
0.681974 72
0.681849 72
0.681701 72
0.681555 72
0.681555 71
0.681406 71
0.68126 71
0.68126 70
0.681121 70
0.680985 70
0.680854 70
0.680703 70
0.680568 70
0.680414 70
0.680414 69
0.680414 68
0.68027 68
0.680118 68
0.679993 68
0.679856 68
0.679856 67
0.679744 67
0.679605 67
0.679475 67
0.679475 66
0.679327 66
0.679189 66
0.679079 66
0.678922 66
0.678768 66
0.678619 66
0.678487 66
0.678487 65
0.678346 65
0.678205 65
0.678071 65
0.677924 65
0.677794 65
0.67765 65
0.677513 65
0.677362 65
0.67723 65
0.67723 64
0.677085 64
0.676933 64
0.676774 64
0.676774 63
0.676628 63
0.676628 62
0.676472 62
0.676362 62
0.676362 61
0.67621 61
0.676068 61
0.675914 61
0.675914 60
0.675914 59
0.675778 59
0.675626 59
0.675487 59
0.675357 59
0.675223 59
0.675104 59
0.674959 59
0.674803 59
0.674681 59
0.674516 59
0.674365 59
0.67423 59
0.674097 59
0.673951 59
0.673825 59
0.67368 59
0.673527 59
0.673379 59
0.673226 59
0.673075 59
0.672941 59
0.672795 59
0.67265 59
0.672512 59
0.672373 59
0.67222 59
0.672064 59
0.671949 59
0.671949 58
0.671808 58
0.671676 58
0.671548 58
0.67143 58
0.671299 58
0.671151 58
0.671011 58
0.670862 58
0.670862 57
0.670703 57
0.670703 56
0.670563 56
0.670563 55
0.67041 55
0.670272 55
0.67014 55
0.66999 55
0.669837 55
0.669721 55
0.669582 55
0.66943 55
0.669286 55
0.669154 55
0.669154 54
0.669011 54
0.668879 54
0.668709 54
0.668563 54
0.668563 53
0.668406 53
0.668254 53
0.668104 53
0.667975 53
0.667827 53
0.667681 53
0.667564 53
0.667421 53
0.66728 53
0.667139 53
0.666999 53
0.666849 53
0.666727 53
0.666574 53
0.666438 53
0.666134 53
0.665982 53
0.665835 53
0.665701 53
0.665585 53
0.665444 53
0.665288 52
0.66514 52
0.665008 52
0.664874 52
0.664734 52
0.664592 52
0.664446 52
0.664446 51
0.664446 50
0.664304 50
0.664154 50
0.664012 50
0.663894 50
0.663751 50
0.663615 50
0.663463 50
0.663318 50
0.663169 50
0.663021 50
0.662871 50
0.662733 50
0.662607 50
0.662471 50
0.662316 50
0.662178 50
0.662039 50
0.661886 50
0.661732 50
0.661609 50
0.66148 50
0.661357 50
0.661209 50
0.661061 50
0.661061 49
0.661061 48
0.660939 48
0.660798 48
0.660663 48
0.66052 48
0.660372 48
0.660265 48
0.6601 48
0.659959 48
0.659824 48
0.659684 48
0.659544 48
0.65941 48
0.659252 48
0.659111 48
0.658971 48
0.658971 47
0.658823 47
0.658823 46
0.658665 46
0.658523 46
0.658368 46
0.658221 46
0.658078 46
0.658078 45
0.657921 45
0.657783 45
0.657633 45
0.657493 45
0.657493 44
0.657339 44
0.657198 44
0.657046 44
0.656914 44
0.656758 44
0.6566 44
0.656447 44
0.656301 44
0.656151 44
0.656151 43
0.655998 43
0.655858 43
0.655709 43
0.655549 43
0.655399 43
0.655267 43
0.655137 43
0.654982 43
0.654878 43
0.654745 43
0.654593 43
0.65445 43
0.65445 42
0.654307 42
0.65417 42
0.65387 42
0.653749 42
0.653618 42
0.653462 42
0.653462 41
0.653305 41
0.653153 41
0.653 41
0.652867 41
0.652712 41
0.652712 40
0.652557 40
0.652412 40
0.652258 40
0.651976 40
0.651837 40
0.651688 40
0.651541 40
0.651541 39
0.651237 39
0.651098 39
0.650951 39
0.650818 39
0.650662 39
0.650662 38
0.650526 38
0.650384 38
0.65024 38
0.650099 38
0.649964 38
0.649806 38
0.649677 38
0.649541 38
0.649416 38
0.649265 38
0.649265 37
0.64911 37
0.648971 37
0.64885 37
0.648724 37
0.648564 37
0.648407 37
0.648267 37
0.64814 37
0.647984 37
0.647854 37
0.647708 37
0.647578 37
0.647428 37
0.647282 37
0.647282 36
0.647159 36
0.647013 36
0.646902 36
0.646755 36
0.64661 36
0.646464 36
0.646309 36
0.646162 36
0.646022 36
0.64587 36
0.64587 35
0.645725 35
0.645591 35
0.645435 35
0.645288 35
0.645164 35
0.645041 35
0.6449 35
0.6449 34
0.644767 34
0.644635 34
0.644635 33
0.644477 33
0.644319 33
0.64418 33
0.644036 33
0.643886 33
0.643735 33
0.6436 33
0.6436 32
0.643465 32
0.643329 32
0.643164 32
0.643164 31
0.643012 31
0.64287 31
0.64272 31
0.642579 31
0.642453 31
0.642283 31
0.642144 31
0.641996 31
0.641855 31
0.641716 31
0.641583 31
0.64144 31
0.641299 31
0.641164 31
0.641001 31
0.640844 31
0.640844 30
0.640713 30
0.640443 30
0.640294 30
0.640148 30
0.639999 30
0.639854 30
0.639701 30
0.639563 30
0.639427 30
0.639271 30
0.639124 30
0.639 30
0.638893 30
0.638753 30
0.6386 30
0.638445 30
0.638296 30
0.63815 30
0.638041 30
0.637898 30
0.637747 30
0.637594 30
0.637306 30
0.637171 30
0.637046 30
0.636755 30
0.636626 30
0.63647 30
0.636179 30
0.636042 30
0.635884 30
0.635755 30
0.635645 30
0.635497 30
0.635347 30
0.635207 30
0.635062 30
0.634905 30
0.634772 30
0.634632 30
0.634481 30
0.63434 30
0.634199 30
0.634048 30
0.633907 30
0.633763 30
0.63361 30
0.633473 30
0.633322 30
0.633063 30
0.632948 30
0.632672 30
0.632525 30
0.632372 30
0.632216 30
0.632072 30
0.631962 30
0.631821 30
0.631682 30
0.631551 30
0.631418 30
0.631288 30
0.631029 30
0.63088 30
0.630754 30
0.630609 30
0.630473 30
0.630337 30
0.630181 30
0.630031 30
0.629892 30
0.629745 30
0.629624 30
0.629509 30
0.629394 30
0.629247 30
0.629116 30
0.628984 30
0.628837 30
0.628684 30
0.628526 30
0.628242 30
0.628111 30
0.627993 30
0.627839 30
0.627692 30
0.627562 30
0.627562 29
0.627423 29
0.627283 29
0.627161 29
0.627023 29
0.626894 29
0.626622 29
0.62647 29
0.626325 29
0.626174 29
0.626012 29
0.62586 29
0.625734 29
0.625593 29
0.625447 29
0.625299 29
0.62516 29
0.62502 29
0.624892 29
0.624755 29
0.624618 29
0.624339 29
0.624181 29
0.624024 29
0.624024 28
0.623873 28
0.623755 28
0.623628 28
0.62349 28
0.623349 28
0.623215 28
0.623069 28
0.622793 28
0.622647 28
0.622503 28
0.622344 28
0.622197 28
0.62206 28
0.621908 28
0.62175 28
0.62161 28
0.621478 28
0.621349 28
0.621199 28
0.62107 28
0.620918 28
0.620918 27
0.620785 27
0.620644 27
0.620501 27
0.620203 27
0.620059 27
0.619903 27
0.619742 27
0.619584 27
0.619428 27
0.619289 27
0.619153 27
0.618899 27
0.618608 27
0.618461 27
0.618302 27
0.618165 27
0.618029 27
0.617879 27
0.617586 27
0.617443 27
0.617309 27
0.617152 27
0.617152 26
0.617012 26
0.616557 26
0.616413 26
0.616281 26
0.616135 26
0.615993 26
0.615856 26
0.615709 26
0.615561 26
0.615259 26
0.615121 26
0.614855 26
0.614721 26
0.614549 26
0.614399 26
0.614244 26
0.614107 26
0.614026 25
0.613926 25
0.613782 25
0.613348 25
0.613194 25
0.613064 25
0.612769 25
0.612638 25
0.612491 25
0.612323 25
0.612172 25
0.612005 25
0.611879 25
0.611609 25
0.61146 25
0.61146 24
0.611326 24
0.611189 24
0.611065 24
0.610786 24
0.610644 24
0.610498 24
0.610333 24
0.61019 24
0.610045 24
0.609899 23
0.609747 23
0.609593 23
0.609593 22
0.609449 22
0.609298 22
0.60915 22
0.609003 22
0.608555 22
0.6084 22
0.6084 21
0.608256 21
0.608108 21
0.607975 21
0.607837 21
0.607571 21
0.607431 21
0.607291 21
0.60714 21
0.607 21
0.606858 21
0.606698 21
0.606428 21
0.606285 21
0.605979 21
0.605828 21
0.605673 21
0.605381 21
0.605223 21
0.605075 21
0.604931 21
0.604782 21
0.604635 21
0.604482 21
0.604326 21
0.604038 21
0.603646 20
0.603512 20
0.603361 19
0.602771 19
0.602626 19
0.602476 19
0.602325 19
0.602182 19
0.602053 19
0.60191 19
0.601764 19
0.601628 19
0.601485 19
0.601353 19
0.601051 19
0.600756 19
0.600464 19
0.600033 19
0.599876 19
0.599722 19
0.599574 19
0.599421 19
0.59913 19
0.598991 19
0.598824 19
0.598675 19
0.598386 19
0.598237 19
0.598091 19
0.597951 19
0.597646 19
0.597497 19
0.597345 19
0.597225 19
0.597084 19
0.59693 19
0.596666 19
0.596512 19
0.596206 19
0.596042 19
0.595888 19
0.595742 19
0.595592 19
0.595463 19
0.595307 19
0.594994 19
0.594857 19
0.594576 19
0.594442 19
0.594142 19
0.593853 19
0.59371 19
0.593576 19
0.593443 19
0.593145 19
0.592992 19
0.592853 19
0.592706 19
0.59257 19
0.592423 19
0.592275 19
0.592275 18
0.592121 18
0.591975 18
0.591683 18
0.591426 18
0.591277 18
0.591123 18
0.590825 18
0.590674 18
0.59038 18
0.590241 18
0.589955 18
0.589646 18
0.589497 18
0.589344 18
0.589066 18
0.588786 18
0.588358 18
0.588205 18
0.587771 18
0.587616 18
0.587474 18
0.587348 18
0.587215 18
0.586917 18
0.586644 18
0.586489 18
0.586341 18
0.586053 18
0.585912 18
0.585636 18
0.585224 18
0.584958 18
0.584818 18
0.584671 18
0.58452 18
0.58437 18
0.584065 18
0.583901 18
0.583734 18
0.58345 18
0.583315 17
0.583017 17
0.582882 17
0.582407 17
0.58229 17
0.582157 17
0.582004 17
0.58186 17
0.5817 17
0.581552 17
0.581405 17
0.581258 17
0.580843 17
0.580549 17
0.580234 17
0.580106 17
0.579971 17
0.579827 17
0.579517 17
0.579219 17
0.578918 17
0.57863 17
0.578498 17
0.578364 17
0.577943 17
0.577673 17
0.577367 17
0.576928 17
0.576783 17
0.576638 17
0.576195 17
0.575741 17
0.575354 17
0.57505 17
0.574604 17
0.574173 17
0.57403 17
0.573888 17
0.573329 17
0.573186 17
0.572896 17
0.572753 17
0.572599 17
0.572152 17
0.571853 17
0.571422 17
0.571128 17
0.570984 17
0.570839 17
0.570406 17
0.570112 17
0.569806 17
0.569655 17
0.569048 17
0.568919 17
0.568315 17
0.568157 17
0.567858 17
0.567586 17
0.567432 17
0.567155 17
0.567004 17
0.566706 17
0.566559 17
0.56612 17
0.565091 17
0.56496 17
0.564516 17
0.564223 17
0.563791 17
0.563341 17
0.56321 17
0.562918 17
0.562193 17
0.561458 17
0.561167 17
0.560879 17
0.560267 17
0.5601 17
0.559802 17
0.559645 17
0.558907 17
0.558508 17
0.558233 17
0.558084 17
0.557778 17
0.557328 17
0.556742 17
0.556611 17
0.55619 17
0.555882 17
0.55557 17
0.555432 17
0.555143 17
0.554538 17
0.55395 17
0.553797 17
0.553349 17
0.553045 17
0.55244 17
0.552139 17
0.551853 17
0.550821 17
0.550536 17
0.550235 17
0.549942 16
0.549488 16
0.54919 16
0.548769 15
0.548191 14
0.547423 14
0.547162 14
0.547013 14
0.546573 14
0.546282 14
0.545682 14
0.545089 14
0.544477 14
0.544321 14
0.542764 14
0.542054 14
0.541768 14
0.541176 14
0.540866 14
0.540714 14
0.54043 14
0.540121 14
0.539383 14
0.538932 14
0.538041 14
0.537592 14
0.537148 13
0.536397 13
0.535672 13
0.535246 13
0.534946 13
0.534504 13
0.534063 13
0.533606 13
0.533015 13
0.532445 13
0.53169 13
0.531083 13
0.530041 13
0.528858 12
0.527659 12
0.526926 12
0.526487 12
0.525264 12
0.524518 12
0.524104 12
0.523634 12
0.522565 12
0.521524 12
0.52079 12
0.520201 12
0.519046 12
0.518332 12
0.517137 12
0.516378 12
0.515346 12
0.513979 12
0.51311 12
0.512808 12
0.511924 12
0.511015 12
0.509982 12
0.509256 12
0.507488 12
0.506002 12
0.505008 12
0.503686 12
0.502186 12
0.5013 12
0.500118 12
0.498749 12
0.498032 12
0.495959 12
0.495035 12
0.493412 12
0.492124 12
0.491092 12
0.489866 12
0.488539 12
0.487028 12
0.485574 12
0.484088 12
0.482631 12
0.480995 12
0.479213 12
0.477727 12
0.476079 12
0.474611 12
0.472842 12
0.471497 12
0.470323 11
0.468388 11
0.466492 11
0.464428 11
0.462476 11
0.46056 10
0.458676 10
0.456481 10
0.453673 10
0.450145 10
0.447165 10
0.444645 10
0.441776 10
0.438212 10
0.434485 10
0.430484 10
0.427984 10
0.422277 9
0.418538 9
0.414249 9
0.410668 9
0.406996 9
0.40252 9
0.398084 8
0.392966 8
0.387609 8
0.381645 8
0.377488 8
0.371972 8
0.365567 8
0.358973 7
0.352408 7
0.344997 7
0.335968 7
0.325359 6
0.317909 5
0.30783 4
0.298693 4
0.287936 4
0.27506 4
0.261646 4
0.241079 4
0.219157 4
0.19533 3
0.168753 3
0.131187 1
0.0737171 0
