0.731567 873
0.731567 872
0.731567 871
0.731567 870
0.731567 869
0.731567 868
0.731567 867
0.731567 866
0.731567 865
0.731567 864
0.731567 863
0.731419 863
0.731419 862
0.731355 861
0.731236 861
0.731236 860
0.731236 859
0.731236 858
0.731236 857
0.731236 856
0.731236 855
0.731236 854
0.731236 853
0.731236 852
0.731236 851
0.731236 850
0.731236 849
0.731085 849
0.731085 848
0.731085 847
0.730932 847
0.730932 846
0.730932 845
0.730932 844
0.730932 843
0.730932 842
0.730932 841
0.730932 840
0.730932 839
0.730932 838
0.730808 838
0.730808 837
0.730808 836
0.730808 835
0.730808 834
0.730808 833
0.730808 832
0.730808 831
0.730808 830
0.730808 829
0.730694 829
0.730694 828
0.730694 827
0.730694 826
0.730694 825
0.730694 824
0.730694 823
0.730694 822
0.730694 821
0.730694 820
0.730694 819
0.730694 818
0.730694 817
0.730694 816
0.730694 815
0.730694 814
0.730694 813
0.730694 812
0.730694 811
0.730694 810
0.730694 809
0.730694 808
0.730694 807
0.730574 807
0.730574 806
0.730574 805
0.730574 804
0.730574 803
0.730574 802
0.730574 801
0.730574 800
0.730574 799
0.730574 798
0.730574 797
0.730574 796
0.730574 795
0.730574 794
0.730574 793
0.730574 792
0.730574 791
0.730574 790
0.730418 790
0.730418 789
0.730418 788
0.730418 787
0.730418 786
0.730418 785
0.730418 784
0.730418 783
0.730418 782
0.730293 782
0.730293 781
0.730293 780
0.730293 779
0.730293 778
0.730293 777
0.730293 776
0.730293 775
0.730293 774
0.730293 772
0.73016 772
0.730067 771
0.730067 770
0.730067 769
0.72998 768
0.72998 767
0.72998 766
0.72998 765
0.72998 764
0.72998 763
0.729898 762
0.729898 761
0.729898 760
0.729898 759
0.729898 758
0.729898 757
0.729898 756
0.729898 755
0.729898 754
0.729898 753
0.729898 752
0.729898 751
0.729898 750
0.729898 749
0.729759 749
0.729759 748
0.729759 747
0.729759 746
0.729617 746
0.729617 745
0.729617 744
0.729617 743
0.729617 742
0.729617 741
0.729567 740
0.729567 739
0.729452 739
0.729324 739
0.729258 738
0.729258 737
0.729258 736
0.729258 735
0.729258 734
0.729258 733
0.729258 732
0.729258 731
0.729139 731
0.729139 730
0.729139 729
0.729139 728
0.729139 727
0.729139 726
0.729139 725
0.729139 724
0.729139 723
0.729139 722
0.729139 721
0.729139 720
0.729139 719
0.729139 718
0.728993 718
0.728993 717
0.728993 716
0.728993 715
0.728993 714
0.728993 713
0.728993 712
0.728993 711
0.728993 710
0.728993 709
0.728993 708
0.728993 707
0.728993 706
0.728993 705
0.728993 704
0.728993 703
0.728993 702
0.728993 701
0.728993 700
0.728993 699
0.72887 699
0.72887 698
0.72887 697
0.72887 696
0.72887 695
0.72887 694
0.72887 693
0.72887 692
0.72887 691
0.72887 690
0.72887 689
0.72887 688
0.72887 687
0.728744 687
0.728744 686
0.728744 685
0.728744 684
0.728744 683
0.728606 683
0.728454 683
0.728454 682
0.728454 681
0.728454 680
0.728454 679
0.728454 678
0.728454 677
0.728454 676
0.728454 675
0.728454 674
0.728454 673
0.728454 672
0.728454 671
0.728439 670
0.728439 669
0.728439 668
0.728439 667
0.728439 666
0.728439 665
0.728439 664
0.728439 663
0.728439 662
0.728273 662
0.728273 661
0.728129 661
0.728129 660
0.728129 659
0.728129 658
0.728129 657
0.728129 656
0.728011 656
0.728011 655
0.728011 654
0.728011 653
0.728011 652
0.728011 651
0.728011 650
0.728011 649
0.728011 648
0.728011 647
0.728011 646
0.728011 645
0.728011 644
0.728011 643
0.728011 642
0.728011 641
0.728011 640
0.728011 639
0.728011 638
0.728011 637
0.728011 636
0.728011 635
0.728011 634
0.728011 633
0.728011 632
0.728011 631
0.728011 630
0.728011 629
0.728011 628
0.728011 627
0.727923 626
0.727923 625
0.727923 624
0.727923 623
0.727923 622
0.727923 621
0.727923 620
0.727923 619
0.727923 618
0.727923 617
0.727923 616
0.727799 616
0.727799 615
0.727799 614
0.727799 613
0.727799 612
0.727799 611
0.727799 610
0.727799 609
0.727654 609
0.727654 608
0.727654 607
0.727654 606
0.727654 605
0.727654 604
0.727654 603
0.727654 602
0.727654 601
0.727654 600
0.727654 599
0.727654 598
0.727536 598
0.727422 598
0.727422 597
0.727422 596
0.727422 595
0.727422 594
0.727422 593
0.727422 592
0.727422 591
0.727422 590
0.727422 589
0.727422 588
0.7273 588
0.7273 587
0.7273 586
0.727208 585
0.727208 584
0.727208 583
0.727208 582
0.727074 582
0.727074 581
0.727074 580
0.727074 579
0.727074 578
0.726932 578
0.726932 577
0.726822 577
0.726822 576
0.726822 575
0.726822 574
0.726822 573
0.726822 572
0.726822 571
0.726822 570
0.726674 570
0.726674 569
0.726674 568
0.726674 567
0.726674 566
0.726674 565
0.726674 564
0.726674 563
0.726674 562
0.726674 561
0.726674 560
0.726674 559
0.726674 558
0.726674 557
0.726577 557
0.726577 556
0.726577 555
0.726439 555
0.726439 554
0.726288 554
0.726288 553
0.726288 552
0.726288 551
0.726288 550
0.726288 549
0.726288 548
0.726288 547
0.726288 546
0.726288 545
0.726288 544
0.726288 543
0.726288 542
0.726288 541
0.726288 540
0.726288 539
0.726288 538
0.726288 537
0.726288 536
0.726288 535
0.726288 534
0.726288 533
0.726148 533
0.726148 532
0.726148 531
0.726148 530
0.726047 530
0.726047 529
0.726047 528
0.726047 527
0.726047 526
0.726047 525
0.726047 524
0.725912 524
0.725912 523
0.725771 523
0.725771 522
0.725771 521
0.725771 520
0.725771 519
0.725771 518
0.725656 518
0.725562 517
0.725562 516
0.725431 516
0.725298 516
0.725298 515
0.725298 514
0.725298 513
0.725298 512
0.725298 511
0.725177 511
0.725177 510
0.725177 509
0.725177 508
0.725177 507
0.725177 506
0.725177 505
0.725177 504
0.725177 503
0.725177 502
0.725177 501
0.725177 500
0.725177 499
0.725177 498
0.725177 497
0.725177 496
0.725177 495
0.725177 494
0.725177 493
0.725177 492
0.725177 491
0.725177 490
0.725177 489
0.725177 488
0.725177 487
0.725177 486
0.725036 486
0.725036 485
0.725036 484
0.724901 484
0.724901 483
0.724901 482
0.724901 481
0.724901 480
0.724775 480
0.724775 479
0.724775 478
0.724775 477
0.724775 476
0.724775 475
0.724775 474
0.724775 473
0.724775 472
0.724775 471
0.724775 470
0.724656 470
0.724656 469
0.724656 467
0.724656 466
0.724505 466
0.724505 465
0.724363 465
0.72424 465
0.724115 465
0.724115 464
0.724115 463
0.724115 462
0.723968 462
0.723968 461
0.723968 460
0.723968 459
0.723968 458
0.723968 457
0.723968 456
0.723968 455
0.723968 454
0.723968 453
0.723838 453
0.723838 452
0.723838 451
0.723763 450
0.723763 449
0.723763 448
0.723763 447
0.723763 446
0.723763 445
0.723763 444
0.723763 443
0.723763 442
0.723763 441
0.723763 440
0.723763 439
0.723763 438
0.723665 438
0.723539 438
0.723539 437
0.723539 436
0.723393 436
0.723393 435
0.723315 434
0.723315 433
0.723315 432
0.723315 431
0.723315 430
0.723315 429
0.723315 428
0.723315 427
0.723315 426
0.723315 425
0.723315 424
0.723179 424
0.723179 423
0.723179 422
0.723179 421
0.723179 420
0.723179 419
0.723179 418
0.723029 418
0.723029 417
0.723029 416
0.723029 415
0.723029 414
0.723029 413
0.723029 412
0.722912 412
0.722912 411
0.722788 411
0.722788 410
0.722788 409
0.722636 409
0.722636 408
0.722636 407
0.722636 406
0.722636 405
0.722516 405
0.722515 404
0.722515 403
0.722376 403
0.722237 403
0.722237 402
0.722237 401
0.722237 400
0.722237 399
0.722237 398
0.722237 397
0.722237 396
0.722237 395
0.722237 394
0.722237 393
0.722237 392
0.722237 391
0.722237 390
0.722237 389
0.722237 388
0.722092 388
0.722092 387
0.722092 386
0.721955 386
0.721955 385
0.721803 385
0.721701 385
0.721597 385
0.721597 384
0.721597 383
0.721597 382
0.721597 381
0.721597 380
0.721597 379
0.721597 378
0.721597 377
0.721597 376
0.721481 376
0.721481 375
0.721481 374
0.721373 374
0.721373 373
0.721373 372
0.721373 371
0.721373 370
0.721373 369
0.721373 368
0.721373 367
0.721373 366
0.721373 365
0.721373 364
0.721373 363
0.721373 362
0.721373 361
0.721275 361
0.721275 360
0.721144 360
0.721144 359
0.721144 358
0.720996 358
0.720884 358
0.720884 357
0.720757 357
0.720757 356
0.720636 356
0.720636 355
0.720636 354
0.720505 354
0.720505 353
0.720505 352
0.720505 351
0.720505 350
0.720393 350
0.720393 349
0.720258 349
0.720258 348
0.720171 347
0.720171 346
0.720067 346
0.719936 346
0.719936 345
0.719936 344
0.719936 343
0.719936 342
0.71983 342
0.71983 341
0.71983 340
0.71983 339
0.71983 338
0.71983 337
0.71983 336
0.71983 335
0.71983 334
0.719681 334
0.719681 333
0.719681 332
0.719681 331
0.71953 331
0.71953 330
0.71953 329
0.71953 328
0.71953 327
0.71953 326
0.719489 325
0.719489 324
0.719489 323
0.719489 322
0.719489 321
0.719489 320
0.719489 319
0.71938 319
0.71938 318
0.71938 317
0.71938 316
0.719278 316
0.719278 315
0.719278 314
0.719278 313
0.719149 313
0.719149 312
0.719043 312
0.719043 311
0.718895 311
0.718895 310
0.718895 309
0.718895 308
0.718895 307
0.718752 307
0.718752 306
0.718752 305
0.718635 305
0.718509 305
0.718509 304
0.718509 303
0.718509 302
0.718509 301
0.718509 300
0.718509 299
0.718373 299
0.718264 299
0.718264 298
0.718264 297
0.718264 296
0.718264 295
0.718264 294
0.718264 293
0.718112 293
0.718112 292
0.718112 291
0.717998 291
0.717998 290
0.717998 289
0.717998 288
0.717998 287
0.717851 287
0.717851 286
0.717851 285
0.717851 284
0.717851 283
0.717851 282
0.717851 281
0.717711 281
0.717711 280
0.717711 279
0.717711 278
0.717711 277
0.717711 276
0.717711 275
0.717711 274
0.717711 273
0.717711 272
0.717711 271
0.717711 270
0.717711 269
0.71757 269
0.71757 268
0.71757 267
0.717455 267
0.717311 267
0.717151 267
0.717151 266
0.717151 265
0.717151 264
0.717019 264
0.717019 263
0.717019 262
0.716909 262
0.716776 262
0.716641 262
0.716494 262
0.716494 261
0.716494 260
0.716334 260
0.716334 259
0.716211 259
0.716083 259
0.715957 259
0.715834 259
0.715681 259
0.715681 258
0.71554 258
0.71554 257
0.71554 256
0.71554 255
0.71539 255
0.715246 255
0.715095 255
0.714997 255
0.714873 255
0.714873 254
0.714873 253
0.714763 253
0.714763 252
0.714763 251
0.714655 251
0.714655 250
0.714655 249
0.714655 248
0.714655 247
0.714655 246
0.714655 245
0.714524 245
0.714524 244
0.714524 243
0.714524 242
0.714391 242
0.714301 241
0.714301 240
0.714162 240
0.714027 240
0.713875 240
0.713741 240
0.713588 240
0.713588 239
0.713588 238
0.713588 237
0.71344 237
0.713323 237
0.713323 236
0.713188 236
0.713047 236
0.713047 235
0.713047 234
0.713047 233
0.713047 232
0.713047 231
0.713047 230
0.712909 230
0.712773 230
0.712651 230
0.712651 229
0.712492 229
0.712384 229
0.712384 228
0.712253 228
0.712253 227
0.712253 226
0.712253 225
0.712253 224
0.712253 223
0.712253 222
0.712151 222
0.712151 221
0.712151 220
0.712151 219
0.712151 218
0.71201 218
0.71201 217
0.71188 217
0.711744 217
0.711744 216
0.711744 215
0.711744 214
0.711744 213
0.711631 213
0.711631 212
0.711631 211
0.711631 210
0.711631 209
0.711514 209
0.711358 209
0.711224 209
0.711224 208
0.711224 207
0.711224 206
0.711071 206
0.710942 206
0.71081 206
0.710666 206
0.710666 205
0.710666 204
0.710666 203
0.710527 203
0.710527 202
0.710527 201
0.710383 201
0.710383 200
0.71024 200
0.71024 199
0.710101 199
0.710081 198
0.709949 198
0.709949 197
0.709817 197
0.709817 196
0.709817 195
0.709817 194
0.70967 194
0.709574 193
0.709429 193
0.709429 192
0.709295 192
0.709295 191
0.709156 191
0.709156 190
0.709026 190
0.709026 189
0.709026 188
0.709026 187
0.708872 187
0.708872 186
0.708725 186
0.708586 186
0.708443 186
0.708443 185
0.708443 184
0.708443 183
0.708161 183
0.708161 182
0.708019 182
0.707864 182
0.707864 181
0.707864 180
0.707757 180
0.707619 180
0.707497 180
0.707351 180
0.707191 180
0.707075 180
0.707075 179
0.706951 179
0.706951 178
0.706796 178
0.706796 177
0.706673 177
0.706673 176
0.706673 175
0.706523 175
0.706396 175
0.706396 174
0.706248 174
0.706248 173
0.706248 172
0.706248 171
0.70613 171
0.705987 171
0.705987 170
0.705987 169
0.705987 168
0.705869 168
0.705869 167
0.705725 167
0.705632 166
0.705632 165
0.705497 165
0.705497 164
0.705497 163
0.705352 163
0.705228 163
0.705076 163
0.704957 163
0.704957 162
0.704828 162
0.70468 162
0.70468 161
0.704551 161
0.704551 160
0.704421 160
0.704421 159
0.704421 158
0.704304 158
0.704304 157
0.704304 156
0.704156 156
0.704023 156
0.703868 156
0.70371 156
0.703567 156
0.703428 156
0.703302 156
0.703147 156
0.703147 155
0.703035 155
0.702903 155
0.702903 154
0.702741 154
0.702741 153
0.702741 152
0.702741 151
0.70259 151
0.70259 150
0.70259 149
0.70245 149
0.702325 149
0.702189 149
0.702189 148
0.702092 147
0.701943 147
0.701802 147
0.701802 146
0.701685 146
0.701557 146
0.701405 146
0.701269 146
0.701141 146
0.701141 145
0.701141 144
0.701003 144
0.700855 144
0.700739 144
0.700614 144
0.700614 143
0.700486 143
0.700486 142
0.700486 141
0.700343 141
0.700205 141
0.70005 141
0.699893 141
0.699752 141
0.699752 140
0.699752 139
0.699621 139
0.699479 139
0.699345 139
0.699345 138
0.699202 138
0.699202 137
0.699202 136
0.699075 136
0.699075 135
0.699075 134
0.698969 134
0.698822 134
0.698822 133
0.698676 133
0.698523 133
0.698409 133
0.698409 132
0.698409 131
0.698253 131
0.698253 130
0.698124 130
0.697976 130
0.697827 130
0.697676 130
0.697676 129
0.69756 129
0.697413 129
0.697285 129
0.697142 129
0.697012 129
0.696893 129
0.696747 129
0.696601 129
0.69646 129
0.69646 128
0.69646 127
0.696313 127
0.696313 126
0.696313 125
0.696208 125
0.696208 124
0.69606 124
0.695951 124
0.695809 124
0.695809 123
0.695809 122
0.695809 121
0.695663 121
0.695528 121
0.695528 120
0.695381 120
0.695381 119
0.695258 119
0.695113 119
0.695113 118
0.694955 118
0.6948 118
0.694636 118
0.694636 117
0.694487 117
0.694487 116
0.694487 115
0.694353 115
0.694228 115
0.694228 114
0.694085 114
0.693962 114
0.693962 113
0.69382 113
0.693715 113
0.693566 113
0.693566 112
0.693566 111
0.69342 111
0.69342 110
0.69342 109
0.69339 108
0.69312 108
0.692993 108
0.692849 108
0.692699 108
0.692561 108
0.692438 108
0.692438 107
0.692287 107
0.692287 106
0.692139 106
0.691983 106
0.691855 106
0.691702 106
0.691547 106
0.691421 106
0.691421 105
0.691421 104
0.691271 104
0.691127 104
0.691019 104
0.690913 104
0.690781 104
0.690638 104
0.690494 104
0.690494 103
0.690336 103
0.690221 103
0.690083 103
0.689934 103
0.689934 102
0.689786 102
0.689786 101
0.689631 101
0.689513 101
0.689386 101
0.689266 101
0.689112 101
0.688976 101
0.688829 101
0.688679 101
0.688543 101
0.688543 100
0.688543 99
0.688416 99
0.688306 99
0.688167 99
0.688047 99
0.687896 99
0.687785 99
0.687785 98
0.687639 98
0.687639 97
0.687496 97
0.687367 97
0.687237 97
0.687237 96
0.68708 96
0.68708 95
0.686932 95
0.68679 95
0.68664 95
0.686507 95
0.68636 95
0.686208 95
0.686089 95
0.685962 95
0.685859 95
0.685709 95
0.685693 94
0.685537 94
0.685384 94
0.685384 93
0.685239 93
0.685093 93
0.685093 92
0.684949 92
0.684796 92
0.684656 92
0.684656 91
0.684656 90
0.684547 90
0.684403 90
0.684254 90
0.684106 90
0.684106 89
0.683975 89
0.683975 88
0.683819 88
0.683819 87
0.683663 87
0.683521 87
0.683375 87
0.683231 87
0.683098 87
0.683098 86
0.682946 86
0.682793 86
0.682649 86
0.682491 86
0.682356 86
0.682356 85
0.682207 85
0.682084 85
0.682084 84
0.682084 83
0.681932 83
0.681932 82
0.681807 82
0.681672 82
0.681531 82
0.681409 82
0.681409 81
0.681265 81
0.681155 81
0.681155 80
0.681012 80
0.680896 80
0.680781 80
0.680633 80
0.680505 80
0.680359 80
0.680227 80
0.68013 79
0.679978 79
0.679842 79
0.679842 78
0.679842 77
0.679683 77
0.679527 77
0.679383 77
0.679383 76
0.679383 75
0.679235 75
0.679235 74
0.679109 74
0.678965 74
0.678816 74
0.678671 74
0.678671 73
0.678529 73
0.678392 73
0.678269 73
0.678128 73
0.678128 72
0.677991 72
0.677843 72
0.677704 72
0.677565 71
0.677565 70
0.677565 69
0.677565 68
0.677422 68
0.677264 68
0.677264 67
0.677113 67
0.677113 66
0.676966 66
0.67682 66
0.676677 66
0.676535 66
0.676381 66
0.676248 66
0.676123 66
0.675979 66
0.675885 65
0.675747 65
0.675626 65
0.675504 65
0.675377 65
0.675144 65
0.674979 65
0.674979 64
0.674848 64
0.674848 63
0.674694 63
0.674545 63
0.674401 63
0.674262 63
0.674128 63
0.67398 63
0.673845 63
0.67369 63
0.673556 63
0.673556 62
0.673413 62
0.673413 61
0.673277 61
0.67312 61
0.673015 61
0.672855 61
0.672855 60
0.672712 60
0.672567 60
0.672567 59
0.672431 59
0.672431 58
0.672274 58
0.67214 58
0.672005 58
0.671867 58
0.671716 57
0.671576 57
0.671419 57
0.671302 57
0.671302 56
0.671148 56
0.671148 55
0.670996 54
0.67085 54
0.670718 54
0.670573 54
0.670433 54
0.670313 54
0.670168 54
0.670058 54
0.669922 54
0.669781 54
0.669636 54
0.669488 54
0.669337 54
0.669177 54
0.669177 53
0.669056 53
0.669056 52
0.668926 52
0.668767 52
0.66862 52
0.668503 52
0.668385 52
0.668241 52
0.667981 52
0.667831 52
0.667831 51
0.667831 50
0.667682 50
0.667531 50
0.667371 50
0.667214 50
0.667065 50
0.666918 50
0.666785 49
0.666654 49
0.666499 49
0.666389 49
0.666305 48
0.666165 48
0.665882 48
0.665739 48
0.665608 48
0.665608 47
0.665608 46
0.665463 46
0.665341 46
0.665206 46
0.665082 46
0.664957 46
0.664841 46
0.664694 46
0.664547 46
0.664547 45
0.664547 44
0.664413 44
0.664254 44
0.664095 44
0.663951 44
0.663838 44
0.66369 44
0.66369 43
0.66369 42
0.663577 42
0.663426 42
0.663426 41
0.663289 41
0.663289 40
0.663164 40
0.663046 40
0.662905 40
0.662771 40
0.662625 40
0.662472 40
0.662337 40
0.662212 40
0.662057 40
0.661909 40
0.661764 40
0.661764 39
0.661616 39
0.66149 39
0.661347 39
0.661347 38
0.661227 38
0.661073 38
0.660914 38
0.660658 38
0.660515 38
0.660357 38
0.66021 38
0.660092 38
0.659968 38
0.659824 38
0.659695 38
0.659567 38
0.659425 38
0.659287 38
0.659137 38
0.658984 38
0.658864 38
0.658864 37
0.658753 37
0.658619 37
0.658471 37
0.658318 37
0.658183 37
0.658038 37
0.657882 37
0.657749 37
0.657599 37
0.657457 37
0.657317 37
0.657176 37
0.657059 37
0.656912 37
0.656767 37
0.656622 37
0.656457 37
0.656304 37
0.656161 37
0.655898 37
0.655745 37
0.655598 37
0.655598 36
0.655598 35
0.655438 35
0.655289 35
0.655159 35
0.654998 35
0.654868 35
0.654733 35
0.654604 35
0.654455 35
0.654307 35
0.654134 35
0.653979 35
0.653844 35
0.653699 35
0.653572 35
0.653412 35
0.653291 35
0.653146 35
0.652997 35
0.652997 34
0.652828 34
0.652695 34
0.652564 34
0.652404 34
0.652251 34
0.651967 34
0.651819 34
0.651681 34
0.651392 34
0.651257 33
0.651136 33
0.650843 33
0.650689 33
0.650548 33
0.650402 33
0.650267 33
0.650116 32
0.65004 31
0.649894 31
0.649754 31
0.649754 30
0.649612 30
0.649461 30
0.649316 30
0.649175 30
0.649034 30
0.648876 30
0.64872 30
0.648576 30
0.64847 30
0.648326 30
0.648179 30
0.648032 29
0.647893 29
0.647736 29
0.647581 29
0.647422 29
0.647293 29
0.647136 29
0.646987 29
0.646839 29
0.64671 29
0.646551 29
0.646429 29
0.646279 29
0.646124 29
0.645978 29
0.645843 29
0.645843 28
0.645571 28
0.645416 28
0.64527 28
0.645126 28
0.644987 28
0.644832 28
0.644689 28
0.644553 28
0.644399 28
0.644095 28
0.643966 28
0.643841 28
0.643711 28
0.643569 28
0.643279 28
0.643163 28
0.643016 28
0.642879 28
0.642732 28
0.642416 28
0.642275 28
0.642168 28
0.642044 28
0.641904 28
0.64161 28
0.641295 28
0.641013 28
0.640862 28
0.640725 28
0.640589 28
0.640589 27
0.640589 26
0.640311 26
0.64017 26
0.6399 26
0.639779 26
0.639637 26
0.639531 26
0.639531 25
0.639397 25
0.639236 25
0.638922 25
0.638779 25
0.638516 23
0.638364 23
0.638086 23
0.637928 23
0.637627 23
0.637375 23
0.637375 22
0.637224 22
0.637082 22
0.636942 22
0.63679 22
0.636511 22
0.636217 22
0.63591 22
0.635613 22
0.63546 22
0.635156 22
0.635003 22
0.634688 22
0.634081 22
0.633946 22
0.633818 22
0.633677 22
0.633535 22
0.633406 22
0.633257 22
0.632977 22
0.632825 22
0.632673 22
0.632377 22
0.632246 22
0.6321 22
0.631961 22
0.631722 22
0.631575 22
0.631263 22
0.631148 22
0.63099 22
0.630842 22
0.630704 22
0.630413 22
0.630262 22
0.629883 22
0.629615 22
0.62947 22
0.629307 22
0.629028 22
0.628736 22
0.628274 22
0.627872 22
0.627722 22
0.627566 22
0.627427 22
0.627281 22
0.627014 22
0.626848 22
0.626721 22
0.626472 22
0.626334 22
0.62619 22
0.625892 22
0.625577 22
0.625429 22
0.62528 22
0.625122 22
0.624972 22
0.62483 22
0.624516 22
0.624224 22
0.624073 22
0.623785 22
0.623499 22
0.623353 22
0.623055 21
0.622621 21
0.622489 21
0.622335 21
0.622034 21
0.621718 21
0.62157 21
0.621432 21
0.621286 21
0.620888 21
0.620888 20
0.620736 20
0.620591 20
0.620302 20
0.620157 20
0.620026 20
0.619723 20
0.61959 20
0.619436 20
0.619284 20
0.618978 20
0.618689 20
0.618429 20
0.617846 20
0.617546 20
0.617386 20
0.617109 20
0.616538 20
0.61629 20
0.615567 19
0.615278 19
0.614976 19
0.614553 19
0.614251 19
0.613674 19
0.613534 19
0.613378 19
0.613096 19
0.612478 19
0.61237 19
0.611766 19
0.611615 19
0.611182 19
0.610893 19
0.610598 19
0.610302 19
0.610154 19
0.609877 19
0.609574 18
0.60914 18
0.608857 18
0.608568 18
0.608296 18
0.608147 18
0.607391 18
0.606936 18
0.606349 18
0.60607 18
0.605611 18
0.605154 17
0.604863 17
0.604578 17
0.604271 17
0.604118 17
0.603596 17
0.602571 17
0.602421 17
0.602266 17
0.601975 17
0.601529 17
0.601069 17
0.60048 17
0.600339 17
0.599769 17
0.599467 17
0.599309 17
0.598853 17
0.598244 17
0.597662 17
0.597362 17
0.596603 17
0.595418 17
0.595126 17
0.594535 17
0.594103 17
0.593684 17
0.593095 17
0.592814 17
0.59165 17
0.591071 17
0.590932 17
0.590323 17
0.589176 17
0.588764 17
0.588192 17
0.587335 17
0.587045 17
0.585717 17
0.585426 17
0.585009 17
0.583983 17
0.583413 16
0.582537 16
0.581344 16
0.580882 16
0.580017 16
0.57876 16
0.577569 16
0.575794 14
0.574654 14
0.573331 14
0.572135 14
0.570069 13
0.569179 12
0.567461 12
0.566028 11
0.564106 11
0.561787 11
0.560157 10
0.55844 10
0.557132 10
0.554792 9
0.553321 8
0.551278 8
0.549384 8
0.546899 8
0.54353 8
0.540484 8
0.537949 8
0.535184 7
0.531689 7
0.528509 7
0.523644 7
0.51835 7
0.514388 7
0.507618 6
0.502269 5
0.49452 4
0.488482 4
0.478934 4
0.467662 4
0.455802 4
0.440756 4
0.425052 4
0.397652 3
0.349929 2
0.258659 1
0 0
